p sp 100 6598
c
a 1 3 176
a 3 1 176
a 1 4 231
a 4 1 231
a 1 5 710
a 5 1 710
a 1 7 730
a 7 1 730
a 1 8 647
a 8 1 647
a 1 9 233
a 9 1 233
a 1 10 812
a 10 1 812
a 1 11 937
a 11 1 937
a 1 13 554
a 13 1 554
a 1 15 564
a 15 1 564
a 1 16 835
a 16 1 835
a 1 17 377
a 17 1 377
a 1 18 644
a 18 1 644
a 1 19 837
a 19 1 837
a 1 21 614
a 21 1 614
a 1 22 320
a 22 1 320
a 1 29 516
a 29 1 516
a 1 30 627
a 30 1 627
a 1 31 369
a 31 1 369
a 1 32 378
a 32 1 378
a 1 33 150
a 33 1 150
a 1 35 780
a 35 1 780
a 1 36 984
a 36 1 984
a 1 38 573
a 38 1 573
a 1 40 288
a 40 1 288
a 1 44 878
a 44 1 878
a 1 45 125
a 45 1 125
a 1 46 176
a 46 1 176
a 1 47 649
a 47 1 649
a 1 48 914
a 48 1 914
a 1 49 733
a 49 1 733
a 1 50 865
a 50 1 865
a 1 52 453
a 52 1 453
a 1 53 884
a 53 1 884
a 1 54 984
a 54 1 984
a 1 59 922
a 59 1 922
a 1 61 534
a 61 1 534
a 1 62 656
a 62 1 656
a 1 63 662
a 63 1 662
a 1 64 932
a 64 1 932
a 1 65 952
a 65 1 952
a 1 68 368
a 68 1 368
a 1 69 530
a 69 1 530
a 1 71 437
a 71 1 437
a 1 73 240
a 73 1 240
a 1 75 903
a 75 1 903
a 1 76 934
a 76 1 934
a 1 78 792
a 78 1 792
a 1 79 278
a 79 1 278
a 1 80 364
a 80 1 364
a 1 81 600
a 81 1 600
a 1 82 677
a 82 1 677
a 1 83 933
a 83 1 933
a 1 84 728
a 84 1 728
a 1 85 128
a 85 1 128
a 1 86 751
a 86 1 751
a 1 87 783
a 87 1 783
a 1 88 333
a 88 1 333
a 1 89 609
a 89 1 609
a 1 92 185
a 92 1 185
a 1 94 423
a 94 1 423
a 1 95 794
a 95 1 794
a 1 96 423
a 96 1 423
a 1 99 296
a 99 1 296
a 1 100 113
a 100 1 113
a 2 4 521
a 4 2 521
a 2 6 668
a 6 2 668
a 2 9 291
a 9 2 291
a 2 10 435
a 10 2 435
a 2 11 727
a 11 2 727
a 2 12 191
a 12 2 191
a 2 14 294
a 14 2 294
a 2 15 979
a 15 2 979
a 2 16 501
a 16 2 501
a 2 17 954
a 17 2 954
a 2 19 203
a 19 2 203
a 2 20 959
a 20 2 959
a 2 21 741
a 21 2 741
a 2 24 335
a 24 2 335
a 2 25 588
a 25 2 588
a 2 26 506
a 26 2 506
a 2 27 914
a 27 2 914
a 2 29 522
a 29 2 522
a 2 30 462
a 30 2 462
a 2 32 297
a 32 2 297
a 2 35 819
a 35 2 819
a 2 38 994
a 38 2 994
a 2 39 596
a 39 2 596
a 2 41 676
a 41 2 676
a 2 43 617
a 43 2 617
a 2 44 508
a 44 2 508
a 2 45 747
a 45 2 747
a 2 46 448
a 46 2 448
a 2 48 466
a 48 2 466
a 2 49 1000
a 49 2 1000
a 2 51 686
a 51 2 686
a 2 53 565
a 53 2 565
a 2 54 421
a 54 2 421
a 2 55 324
a 55 2 324
a 2 56 317
a 56 2 317
a 2 57 575
a 57 2 575
a 2 58 711
a 58 2 711
a 2 59 272
a 59 2 272
a 2 60 307
a 60 2 307
a 2 62 836
a 62 2 836
a 2 63 239
a 63 2 239
a 2 64 292
a 64 2 292
a 2 65 761
a 65 2 761
a 2 66 264
a 66 2 264
a 2 67 147
a 67 2 147
a 2 68 964
a 68 2 964
a 2 69 602
a 69 2 602
a 2 71 153
a 71 2 153
a 2 74 718
a 74 2 718
a 2 75 309
a 75 2 309
a 2 76 354
a 76 2 354
a 2 77 527
a 77 2 527
a 2 79 760
a 79 2 760
a 2 80 547
a 80 2 547
a 2 81 611
a 81 2 611
a 2 83 181
a 83 2 181
a 2 84 956
a 84 2 956
a 2 85 331
a 85 2 331
a 2 86 714
a 86 2 714
a 2 87 356
a 87 2 356
a 2 88 829
a 88 2 829
a 2 89 342
a 89 2 342
a 2 91 892
a 91 2 892
a 2 92 804
a 92 2 804
a 2 94 424
a 94 2 424
a 2 95 331
a 95 2 331
a 2 96 666
a 96 2 666
a 2 97 361
a 97 2 361
a 2 98 683
a 98 2 683
a 2 99 363
a 99 2 363
a 2 100 382
a 100 2 382
a 3 4 160
a 4 3 160
a 3 5 861
a 5 3 861
a 3 6 434
a 6 3 434
a 3 7 941
a 7 3 941
a 3 9 625
a 9 3 625
a 3 10 445
a 10 3 445
a 3 13 216
a 13 3 216
a 3 16 451
a 16 3 451
a 3 17 506
a 17 3 506
a 3 20 926
a 20 3 926
a 3 21 329
a 21 3 329
a 3 23 203
a 23 3 203
a 3 25 635
a 25 3 635
a 3 27 805
a 27 3 805
a 3 28 261
a 28 3 261
a 3 29 996
a 29 3 996
a 3 32 254
a 32 3 254
a 3 33 666
a 33 3 666
a 3 36 465
a 36 3 465
a 3 37 445
a 37 3 445
a 3 38 994
a 38 3 994
a 3 39 112
a 39 3 112
a 3 43 779
a 43 3 779
a 3 44 567
a 44 3 567
a 3 45 942
a 45 3 942
a 3 47 957
a 47 3 957
a 3 48 295
a 48 3 295
a 3 49 526
a 49 3 526
a 3 50 620
a 50 3 620
a 3 51 866
a 51 3 866
a 3 53 374
a 53 3 374
a 3 54 799
a 54 3 799
a 3 55 228
a 55 3 228
a 3 56 123
a 56 3 123
a 3 57 141
a 57 3 141
a 3 60 874
a 60 3 874
a 3 61 356
a 61 3 356
a 3 62 123
a 62 3 123
a 3 63 744
a 63 3 744
a 3 66 323
a 66 3 323
a 3 67 931
a 67 3 931
a 3 68 697
a 68 3 697
a 3 73 876
a 73 3 876
a 3 76 847
a 76 3 847
a 3 77 717
a 77 3 717
a 3 79 546
a 79 3 546
a 3 81 118
a 81 3 118
a 3 82 696
a 82 3 696
a 3 83 429
a 83 3 429
a 3 86 858
a 86 3 858
a 3 88 305
a 88 3 305
a 3 89 597
a 89 3 597
a 3 90 779
a 90 3 779
a 3 91 837
a 91 3 837
a 3 92 192
a 92 3 192
a 3 93 115
a 93 3 115
a 3 95 789
a 95 3 789
a 3 96 835
a 96 3 835
a 3 97 160
a 97 3 160
a 3 98 287
a 98 3 287
a 3 99 597
a 99 3 597
a 3 100 288
a 100 3 288
a 4 5 348
a 5 4 348
a 4 8 546
a 8 4 546
a 4 10 485
a 10 4 485
a 4 11 168
a 11 4 168
a 4 14 787
a 14 4 787
a 4 16 399
a 16 4 399
a 4 26 406
a 26 4 406
a 4 27 563
a 27 4 563
a 4 29 114
a 29 4 114
a 4 30 1000
a 30 4 1000
a 4 33 771
a 33 4 771
a 4 35 923
a 35 4 923
a 4 36 398
a 36 4 398
a 4 37 814
a 37 4 814
a 4 38 143
a 38 4 143
a 4 39 569
a 39 4 569
a 4 40 497
a 40 4 497
a 4 42 288
a 42 4 288
a 4 43 959
a 43 4 959
a 4 44 336
a 44 4 336
a 4 45 182
a 45 4 182
a 4 49 522
a 49 4 522
a 4 52 370
a 52 4 370
a 4 56 131
a 56 4 131
a 4 57 158
a 57 4 158
a 4 58 656
a 58 4 656
a 4 59 798
a 59 4 798
a 4 60 268
a 60 4 268
a 4 62 817
a 62 4 817
a 4 64 672
a 64 4 672
a 4 65 338
a 65 4 338
a 4 66 866
a 66 4 866
a 4 67 111
a 67 4 111
a 4 69 681
a 69 4 681
a 4 70 801
a 70 4 801
a 4 71 282
a 71 4 282
a 4 73 259
a 73 4 259
a 4 76 479
a 76 4 479
a 4 77 979
a 77 4 979
a 4 78 654
a 78 4 654
a 4 79 349
a 79 4 349
a 4 80 645
a 80 4 645
a 4 86 271
a 86 4 271
a 4 87 641
a 87 4 641
a 4 88 598
a 88 4 598
a 4 89 485
a 89 4 485
a 4 90 915
a 90 4 915
a 4 91 546
a 91 4 546
a 4 92 393
a 92 4 393
a 4 97 631
a 97 4 631
a 4 98 751
a 98 4 751
a 4 99 665
a 99 4 665
a 4 100 278
a 100 4 278
a 5 6 471
a 6 5 471
a 5 7 372
a 7 5 372
a 5 9 227
a 9 5 227
a 5 12 773
a 12 5 773
a 5 13 193
a 13 5 193
a 5 14 365
a 14 5 365
a 5 15 739
a 15 5 739
a 5 17 971
a 17 5 971
a 5 18 106
a 18 5 106
a 5 19 101
a 19 5 101
a 5 21 492
a 21 5 492
a 5 22 282
a 22 5 282
a 5 23 539
a 23 5 539
a 5 25 195
a 25 5 195
a 5 27 103
a 27 5 103
a 5 30 233
a 30 5 233
a 5 31 472
a 31 5 472
a 5 33 657
a 33 5 657
a 5 35 438
a 35 5 438
a 5 36 713
a 36 5 713
a 5 37 909
a 37 5 909
a 5 38 787
a 38 5 787
a 5 41 424
a 41 5 424
a 5 42 796
a 42 5 796
a 5 43 653
a 43 5 653
a 5 45 689
a 45 5 689
a 5 46 899
a 46 5 899
a 5 47 847
a 47 5 847
a 5 48 233
a 48 5 233
a 5 49 113
a 49 5 113
a 5 51 246
a 51 5 246
a 5 52 236
a 52 5 236
a 5 53 822
a 53 5 822
a 5 55 781
a 55 5 781
a 5 56 776
a 56 5 776
a 5 57 734
a 57 5 734
a 5 58 715
a 58 5 715
a 5 59 175
a 59 5 175
a 5 60 523
a 60 5 523
a 5 62 192
a 62 5 192
a 5 63 711
a 63 5 711
a 5 64 170
a 64 5 170
a 5 65 197
a 65 5 197
a 5 66 728
a 66 5 728
a 5 70 275
a 70 5 275
a 5 72 744
a 72 5 744
a 5 73 943
a 73 5 943
a 5 80 409
a 80 5 409
a 5 81 955
a 81 5 955
a 5 84 996
a 84 5 996
a 5 85 853
a 85 5 853
a 5 86 760
a 86 5 760
a 5 87 718
a 87 5 718
a 5 89 173
a 89 5 173
a 5 90 939
a 90 5 939
a 5 94 210
a 94 5 210
a 5 95 996
a 95 5 996
a 5 96 399
a 96 5 399
a 5 99 134
a 99 5 134
a 5 100 234
a 100 5 234
a 6 8 976
a 8 6 976
a 6 9 789
a 9 6 789
a 6 10 570
a 10 6 570
a 6 11 689
a 11 6 689
a 6 13 298
a 13 6 298
a 6 16 629
a 16 6 629
a 6 17 572
a 17 6 572
a 6 19 121
a 19 6 121
a 6 20 741
a 20 6 741
a 6 21 436
a 21 6 436
a 6 22 130
a 22 6 130
a 6 23 202
a 23 6 202
a 6 24 201
a 24 6 201
a 6 26 162
a 26 6 162
a 6 29 623
a 29 6 623
a 6 30 635
a 30 6 635
a 6 31 765
a 31 6 765
a 6 32 927
a 32 6 927
a 6 33 319
a 33 6 319
a 6 35 623
a 35 6 623
a 6 36 421
a 36 6 421
a 6 37 840
a 37 6 840
a 6 40 396
a 40 6 396
a 6 42 563
a 42 6 563
a 6 44 308
a 44 6 308
a 6 45 550
a 45 6 550
a 6 46 630
a 46 6 630
a 6 49 495
a 49 6 495
a 6 52 804
a 52 6 804
a 6 53 406
a 53 6 406
a 6 54 914
a 54 6 914
a 6 55 477
a 55 6 477
a 6 56 777
a 56 6 777
a 6 58 502
a 58 6 502
a 6 60 599
a 60 6 599
a 6 61 912
a 61 6 912
a 6 62 917
a 62 6 917
a 6 63 653
a 63 6 653
a 6 64 347
a 64 6 347
a 6 66 649
a 66 6 649
a 6 67 173
a 67 6 173
a 6 69 856
a 69 6 856
a 6 70 563
a 70 6 563
a 6 71 163
a 71 6 163
a 6 75 195
a 75 6 195
a 6 77 179
a 77 6 179
a 6 78 137
a 78 6 137
a 6 80 257
a 80 6 257
a 6 81 643
a 81 6 643
a 6 83 233
a 83 6 233
a 6 84 443
a 84 6 443
a 6 85 517
a 85 6 517
a 6 89 290
a 89 6 290
a 6 91 361
a 91 6 361
a 6 92 225
a 92 6 225
a 6 94 931
a 94 6 931
a 6 95 633
a 95 6 633
a 6 96 934
a 96 6 934
a 6 97 614
a 97 6 614
a 6 98 232
a 98 6 232
a 7 10 254
a 10 7 254
a 7 11 349
a 11 7 349
a 7 15 450
a 15 7 450
a 7 17 817
a 17 7 817
a 7 18 154
a 18 7 154
a 7 22 605
a 22 7 605
a 7 23 442
a 23 7 442
a 7 25 650
a 25 7 650
a 7 26 369
a 26 7 369
a 7 30 258
a 30 7 258
a 7 31 600
a 31 7 600
a 7 33 455
a 33 7 455
a 7 34 973
a 34 7 973
a 7 35 505
a 35 7 505
a 7 36 946
a 36 7 946
a 7 37 797
a 37 7 797
a 7 39 180
a 39 7 180
a 7 40 130
a 40 7 130
a 7 44 514
a 44 7 514
a 7 45 737
a 45 7 737
a 7 46 845
a 46 7 845
a 7 48 952
a 48 7 952
a 7 49 380
a 49 7 380
a 7 50 482
a 50 7 482
a 7 51 323
a 51 7 323
a 7 52 189
a 52 7 189
a 7 53 861
a 53 7 861
a 7 54 826
a 54 7 826
a 7 55 844
a 55 7 844
a 7 58 622
a 58 7 622
a 7 61 242
a 61 7 242
a 7 63 428
a 63 7 428
a 7 66 931
a 66 7 931
a 7 67 128
a 67 7 128
a 7 68 568
a 68 7 568
a 7 69 911
a 69 7 911
a 7 70 553
a 70 7 553
a 7 71 989
a 71 7 989
a 7 72 352
a 72 7 352
a 7 73 929
a 73 7 929
a 7 75 510
a 75 7 510
a 7 76 347
a 76 7 347
a 7 78 776
a 78 7 776
a 7 79 944
a 79 7 944
a 7 80 745
a 80 7 745
a 7 82 670
a 82 7 670
a 7 85 506
a 85 7 506
a 7 86 286
a 86 7 286
a 7 88 377
a 88 7 377
a 7 89 656
a 89 7 656
a 7 90 342
a 90 7 342
a 7 91 665
a 91 7 665
a 7 93 197
a 93 7 197
a 7 94 762
a 94 7 762
a 7 95 776
a 95 7 776
a 7 98 339
a 98 7 339
a 7 99 900
a 99 7 900
a 8 9 610
a 9 8 610
a 8 11 759
a 11 8 759
a 8 13 935
a 13 8 935
a 8 15 732
a 15 8 732
a 8 16 419
a 16 8 419
a 8 17 777
a 17 8 777
a 8 18 824
a 18 8 824
a 8 19 790
a 19 8 790
a 8 20 960
a 20 8 960
a 8 21 302
a 21 8 302
a 8 22 152
a 22 8 152
a 8 26 466
a 26 8 466
a 8 30 922
a 30 8 922
a 8 31 958
a 31 8 958
a 8 37 673
a 37 8 673
a 8 39 283
a 39 8 283
a 8 40 472
a 40 8 472
a 8 42 377
a 42 8 377
a 8 43 772
a 43 8 772
a 8 44 381
a 44 8 381
a 8 45 721
a 45 8 721
a 8 46 395
a 46 8 395
a 8 47 772
a 47 8 772
a 8 49 141
a 49 8 141
a 8 52 475
a 52 8 475
a 8 53 461
a 53 8 461
a 8 54 406
a 54 8 406
a 8 57 593
a 57 8 593
a 8 58 554
a 58 8 554
a 8 59 846
a 59 8 846
a 8 60 115
a 60 8 115
a 8 61 761
a 61 8 761
a 8 62 580
a 62 8 580
a 8 63 913
a 63 8 913
a 8 64 788
a 64 8 788
a 8 65 318
a 65 8 318
a 8 66 664
a 66 8 664
a 8 68 389
a 68 8 389
a 8 69 323
a 69 8 323
a 8 70 660
a 70 8 660
a 8 71 918
a 71 8 918
a 8 73 875
a 73 8 875
a 8 74 524
a 74 8 524
a 8 76 585
a 76 8 585
a 8 77 270
a 77 8 270
a 8 78 806
a 78 8 806
a 8 79 485
a 79 8 485
a 8 82 631
a 82 8 631
a 8 83 669
a 83 8 669
a 8 84 837
a 84 8 837
a 8 85 179
a 85 8 179
a 8 86 347
a 86 8 347
a 8 88 406
a 88 8 406
a 8 90 513
a 90 8 513
a 8 91 867
a 91 8 867
a 8 92 831
a 92 8 831
a 8 94 585
a 94 8 585
a 8 95 440
a 95 8 440
a 8 96 503
a 96 8 503
a 8 97 841
a 97 8 841
a 8 98 387
a 98 8 387
a 8 99 924
a 99 8 924
a 9 10 253
a 10 9 253
a 9 11 638
a 11 9 638
a 9 12 352
a 12 9 352
a 9 14 333
a 14 9 333
a 9 15 400
a 15 9 400
a 9 17 578
a 17 9 578
a 9 19 258
a 19 9 258
a 9 20 503
a 20 9 503
a 9 21 983
a 21 9 983
a 9 23 220
a 23 9 220
a 9 24 701
a 24 9 701
a 9 25 118
a 25 9 118
a 9 28 723
a 28 9 723
a 9 30 515
a 30 9 515
a 9 37 507
a 37 9 507
a 9 39 303
a 39 9 303
a 9 40 770
a 40 9 770
a 9 41 540
a 41 9 540
a 9 44 300
a 44 9 300
a 9 48 190
a 48 9 190
a 9 49 269
a 49 9 269
a 9 53 562
a 53 9 562
a 9 54 538
a 54 9 538
a 9 55 523
a 55 9 523
a 9 56 226
a 56 9 226
a 9 57 507
a 57 9 507
a 9 58 502
a 58 9 502
a 9 60 203
a 60 9 203
a 9 61 494
a 61 9 494
a 9 63 678
a 63 9 678
a 9 69 372
a 69 9 372
a 9 70 575
a 70 9 575
a 9 71 894
a 71 9 894
a 9 73 448
a 73 9 448
a 9 74 613
a 74 9 613
a 9 76 307
a 76 9 307
a 9 78 297
a 78 9 297
a 9 79 557
a 79 9 557
a 9 80 484
a 80 9 484
a 9 82 810
a 82 9 810
a 9 85 763
a 85 9 763
a 9 86 201
a 86 9 201
a 9 88 873
a 88 9 873
a 9 90 552
a 90 9 552
a 9 91 743
a 91 9 743
a 9 92 619
a 92 9 619
a 9 93 811
a 93 9 811
a 9 94 364
a 94 9 364
a 9 95 736
a 95 9 736
a 9 97 147
a 97 9 147
a 9 99 468
a 99 9 468
a 10 11 134
a 11 10 134
a 10 14 942
a 14 10 942
a 10 15 610
a 15 10 610
a 10 17 296
a 17 10 296
a 10 19 544
a 19 10 544
a 10 20 485
a 20 10 485
a 10 21 404
a 21 10 404
a 10 22 434
a 22 10 434
a 10 23 355
a 23 10 355
a 10 24 600
a 24 10 600
a 10 25 434
a 25 10 434
a 10 29 819
a 29 10 819
a 10 30 878
a 30 10 878
a 10 32 264
a 32 10 264
a 10 36 772
a 36 10 772
a 10 37 763
a 37 10 763
a 10 40 139
a 40 10 139
a 10 41 383
a 41 10 383
a 10 46 717
a 46 10 717
a 10 47 861
a 47 10 861
a 10 48 512
a 48 10 512
a 10 49 710
a 49 10 710
a 10 50 390
a 50 10 390
a 10 53 268
a 53 10 268
a 10 55 586
a 55 10 586
a 10 56 686
a 56 10 686
a 10 58 701
a 58 10 701
a 10 59 318
a 59 10 318
a 10 60 597
a 60 10 597
a 10 61 155
a 61 10 155
a 10 62 268
a 62 10 268
a 10 63 153
a 63 10 153
a 10 64 595
a 64 10 595
a 10 65 569
a 65 10 569
a 10 66 916
a 66 10 916
a 10 67 124
a 67 10 124
a 10 68 611
a 68 10 611
a 10 69 577
a 69 10 577
a 10 72 101
a 72 10 101
a 10 73 257
a 73 10 257
a 10 77 981
a 77 10 981
a 10 78 690
a 78 10 690
a 10 79 734
a 79 10 734
a 10 80 530
a 80 10 530
a 10 82 856
a 82 10 856
a 10 84 460
a 84 10 460
a 10 85 425
a 85 10 425
a 10 86 548
a 86 10 548
a 10 87 608
a 87 10 608
a 10 90 535
a 90 10 535
a 10 91 545
a 91 10 545
a 10 93 312
a 93 10 312
a 10 94 527
a 94 10 527
a 10 98 499
a 98 10 499
a 10 99 346
a 99 10 346
a 10 100 732
a 100 10 732
a 11 12 434
a 12 11 434
a 11 14 729
a 14 11 729
a 11 17 981
a 17 11 981
a 11 18 594
a 18 11 594
a 11 19 270
a 19 11 270
a 11 20 431
a 20 11 431
a 11 21 636
a 21 11 636
a 11 22 548
a 22 11 548
a 11 23 740
a 23 11 740
a 11 25 823
a 25 11 823
a 11 27 177
a 27 11 177
a 11 28 161
a 28 11 161
a 11 29 736
a 29 11 736
a 11 30 996
a 30 11 996
a 11 31 833
a 31 11 833
a 11 33 805
a 33 11 805
a 11 34 652
a 34 11 652
a 11 35 180
a 35 11 180
a 11 36 984
a 36 11 984
a 11 37 947
a 37 11 947
a 11 39 711
a 39 11 711
a 11 40 782
a 40 11 782
a 11 41 577
a 41 11 577
a 11 42 826
a 42 11 826
a 11 43 841
a 43 11 841
a 11 44 771
a 44 11 771
a 11 45 219
a 45 11 219
a 11 46 932
a 46 11 932
a 11 47 490
a 47 11 490
a 11 51 872
a 51 11 872
a 11 52 465
a 52 11 465
a 11 55 661
a 55 11 661
a 11 56 283
a 56 11 283
a 11 57 767
a 57 11 767
a 11 58 648
a 58 11 648
a 11 60 967
a 60 11 967
a 11 61 238
a 61 11 238
a 11 62 461
a 62 11 461
a 11 63 576
a 63 11 576
a 11 64 321
a 64 11 321
a 11 65 909
a 65 11 909
a 11 66 465
a 66 11 465
a 11 68 123
a 68 11 123
a 11 69 547
a 69 11 547
a 11 70 819
a 70 11 819
a 11 71 450
a 71 11 450
a 11 72 798
a 72 11 798
a 11 73 524
a 73 11 524
a 11 74 649
a 74 11 649
a 11 75 777
a 75 11 777
a 11 77 407
a 77 11 407
a 11 78 893
a 78 11 893
a 11 79 833
a 79 11 833
a 11 80 776
a 80 11 776
a 11 82 408
a 82 11 408
a 11 83 949
a 83 11 949
a 11 84 217
a 84 11 217
a 11 85 389
a 85 11 389
a 11 87 848
a 87 11 848
a 11 89 356
a 89 11 356
a 11 90 109
a 90 11 109
a 11 91 456
a 91 11 456
a 11 92 585
a 92 11 585
a 11 94 405
a 94 11 405
a 11 97 426
a 97 11 426
a 11 98 236
a 98 11 236
a 12 13 750
a 13 12 750
a 12 14 225
a 14 12 225
a 12 17 389
a 17 12 389
a 12 18 839
a 18 12 839
a 12 21 130
a 21 12 130
a 12 23 300
a 23 12 300
a 12 25 812
a 25 12 812
a 12 26 248
a 26 12 248
a 12 27 309
a 27 12 309
a 12 28 724
a 28 12 724
a 12 29 644
a 29 12 644
a 12 30 355
a 30 12 355
a 12 31 510
a 31 12 510
a 12 32 114
a 32 12 114
a 12 37 684
a 37 12 684
a 12 38 955
a 38 12 955
a 12 40 989
a 40 12 989
a 12 42 926
a 42 12 926
a 12 45 756
a 45 12 756
a 12 46 555
a 46 12 555
a 12 47 219
a 47 12 219
a 12 48 901
a 48 12 901
a 12 50 641
a 50 12 641
a 12 52 279
a 52 12 279
a 12 53 386
a 53 12 386
a 12 54 705
a 54 12 705
a 12 55 732
a 55 12 732
a 12 56 611
a 56 12 611
a 12 57 674
a 57 12 674
a 12 59 998
a 59 12 998
a 12 60 360
a 60 12 360
a 12 62 761
a 62 12 761
a 12 63 324
a 63 12 324
a 12 65 857
a 65 12 857
a 12 67 857
a 67 12 857
a 12 68 823
a 68 12 823
a 12 69 844
a 69 12 844
a 12 71 222
a 71 12 222
a 12 72 503
a 72 12 503
a 12 73 952
a 73 12 952
a 12 76 880
a 76 12 880
a 12 78 634
a 78 12 634
a 12 79 138
a 79 12 138
a 12 80 765
a 80 12 765
a 12 82 963
a 82 12 963
a 12 88 840
a 88 12 840
a 12 89 372
a 89 12 372
a 12 90 144
a 90 12 144
a 12 91 731
a 91 12 731
a 12 92 380
a 92 12 380
a 12 93 203
a 93 12 203
a 12 97 602
a 97 12 602
a 12 99 473
a 99 12 473
a 12 100 419
a 100 12 419
a 13 14 628
a 14 13 628
a 13 15 321
a 15 13 321
a 13 18 564
a 18 13 564
a 13 20 441
a 20 13 441
a 13 28 763
a 28 13 763
a 13 32 296
a 32 13 296
a 13 33 291
a 33 13 291
a 13 34 620
a 34 13 620
a 13 36 225
a 36 13 225
a 13 38 513
a 38 13 513
a 13 39 206
a 39 13 206
a 13 40 717
a 40 13 717
a 13 42 969
a 42 13 969
a 13 44 427
a 44 13 427
a 13 45 587
a 45 13 587
a 13 46 607
a 46 13 607
a 13 47 680
a 47 13 680
a 13 48 198
a 48 13 198
a 13 49 568
a 49 13 568
a 13 50 437
a 50 13 437
a 13 51 836
a 51 13 836
a 13 54 258
a 54 13 258
a 13 56 748
a 56 13 748
a 13 59 647
a 59 13 647
a 13 60 127
a 60 13 127
a 13 61 860
a 61 13 860
a 13 62 690
a 62 13 690
a 13 63 951
a 63 13 951
a 13 64 714
a 64 13 714
a 13 66 823
a 66 13 823
a 13 67 674
a 67 13 674
a 13 68 148
a 68 13 148
a 13 69 792
a 69 13 792
a 13 70 800
a 70 13 800
a 13 71 230
a 71 13 230
a 13 73 339
a 73 13 339
a 13 74 525
a 74 13 525
a 13 75 204
a 75 13 204
a 13 76 826
a 76 13 826
a 13 80 166
a 80 13 166
a 13 82 793
a 82 13 793
a 13 83 409
a 83 13 409
a 13 84 602
a 84 13 602
a 13 85 995
a 85 13 995
a 13 86 956
a 86 13 956
a 13 88 697
a 88 13 697
a 13 89 875
a 89 13 875
a 13 90 287
a 90 13 287
a 13 91 187
a 91 13 187
a 13 92 133
a 92 13 133
a 13 93 531
a 93 13 531
a 13 94 706
a 94 13 706
a 13 95 862
a 95 13 862
a 13 97 780
a 97 13 780
a 13 99 174
a 99 13 174
a 14 15 865
a 15 14 865
a 14 16 803
a 16 14 803
a 14 17 167
a 17 14 167
a 14 18 626
a 18 14 626
a 14 19 735
a 19 14 735
a 14 21 955
a 21 14 955
a 14 22 246
a 22 14 246
a 14 23 910
a 23 14 910
a 14 24 240
a 24 14 240
a 14 26 835
a 26 14 835
a 14 27 973
a 27 14 973
a 14 28 500
a 28 14 500
a 14 29 435
a 29 14 435
a 14 30 434
a 30 14 434
a 14 31 565
a 31 14 565
a 14 32 871
a 32 14 871
a 14 33 734
a 33 14 734
a 14 35 273
a 35 14 273
a 14 39 981
a 39 14 981
a 14 42 909
a 42 14 909
a 14 43 329
a 43 14 329
a 14 46 676
a 46 14 676
a 14 47 949
a 47 14 949
a 14 48 726
a 48 14 726
a 14 51 665
a 51 14 665
a 14 52 446
a 52 14 446
a 14 53 464
a 53 14 464
a 14 54 106
a 54 14 106
a 14 56 911
a 56 14 911
a 14 57 533
a 57 14 533
a 14 58 140
a 58 14 140
a 14 61 285
a 61 14 285
a 14 62 379
a 62 14 379
a 14 63 732
a 63 14 732
a 14 64 994
a 64 14 994
a 14 65 729
a 65 14 729
a 14 66 891
a 66 14 891
a 14 68 568
a 68 14 568
a 14 69 314
a 69 14 314
a 14 70 152
a 70 14 152
a 14 72 150
a 72 14 150
a 14 74 488
a 74 14 488
a 14 75 792
a 75 14 792
a 14 77 530
a 77 14 530
a 14 79 763
a 79 14 763
a 14 81 561
a 81 14 561
a 14 84 603
a 84 14 603
a 14 85 735
a 85 14 735
a 14 88 918
a 88 14 918
a 14 91 897
a 91 14 897
a 14 95 639
a 95 14 639
a 14 96 615
a 96 14 615
a 14 97 347
a 97 14 347
a 14 98 197
a 98 14 197
a 14 99 989
a 99 14 989
a 15 17 901
a 17 15 901
a 15 18 231
a 18 15 231
a 15 20 933
a 20 15 933
a 15 26 196
a 26 15 196
a 15 27 321
a 27 15 321
a 15 28 213
a 28 15 213
a 15 30 453
a 30 15 453
a 15 31 305
a 31 15 305
a 15 33 821
a 33 15 821
a 15 34 864
a 34 15 864
a 15 35 231
a 35 15 231
a 15 36 773
a 36 15 773
a 15 37 909
a 37 15 909
a 15 39 806
a 39 15 806
a 15 40 187
a 40 15 187
a 15 43 744
a 43 15 744
a 15 47 838
a 47 15 838
a 15 48 220
a 48 15 220
a 15 49 334
a 49 15 334
a 15 50 643
a 50 15 643
a 15 52 877
a 52 15 877
a 15 53 392
a 53 15 392
a 15 55 446
a 55 15 446
a 15 56 639
a 56 15 639
a 15 58 542
a 58 15 542
a 15 59 192
a 59 15 192
a 15 61 544
a 61 15 544
a 15 62 163
a 62 15 163
a 15 63 185
a 63 15 185
a 15 65 679
a 65 15 679
a 15 66 780
a 66 15 780
a 15 67 118
a 67 15 118
a 15 69 893
a 69 15 893
a 15 70 130
a 70 15 130
a 15 71 850
a 71 15 850
a 15 72 151
a 72 15 151
a 15 74 123
a 74 15 123
a 15 75 938
a 75 15 938
a 15 76 155
a 76 15 155
a 15 78 198
a 78 15 198
a 15 79 458
a 79 15 458
a 15 80 750
a 80 15 750
a 15 82 902
a 82 15 902
a 15 83 528
a 83 15 528
a 15 84 855
a 84 15 855
a 15 88 867
a 88 15 867
a 15 89 302
a 89 15 302
a 15 90 309
a 90 15 309
a 15 91 116
a 91 15 116
a 15 92 399
a 92 15 399
a 15 94 354
a 94 15 354
a 15 95 851
a 95 15 851
a 15 96 916
a 96 15 916
a 15 97 276
a 97 15 276
a 15 99 242
a 99 15 242
a 15 100 714
a 100 15 714
a 16 17 452
a 17 16 452
a 16 20 247
a 20 16 247
a 16 21 152
a 21 16 152
a 16 22 795
a 22 16 795
a 16 24 323
a 24 16 323
a 16 25 223
a 25 16 223
a 16 27 498
a 27 16 498
a 16 29 616
a 29 16 616
a 16 30 950
a 30 16 950
a 16 31 582
a 31 16 582
a 16 36 964
a 36 16 964
a 16 40 111
a 40 16 111
a 16 41 161
a 41 16 161
a 16 42 268
a 42 16 268
a 16 44 651
a 44 16 651
a 16 49 379
a 49 16 379
a 16 51 390
a 51 16 390
a 16 52 176
a 52 16 176
a 16 54 760
a 54 16 760
a 16 55 724
a 55 16 724
a 16 56 502
a 56 16 502
a 16 58 780
a 58 16 780
a 16 59 593
a 59 16 593
a 16 60 492
a 60 16 492
a 16 61 522
a 61 16 522
a 16 62 341
a 62 16 341
a 16 63 443
a 63 16 443
a 16 64 292
a 64 16 292
a 16 65 749
a 65 16 749
a 16 66 576
a 66 16 576
a 16 67 362
a 67 16 362
a 16 68 285
a 68 16 285
a 16 70 635
a 70 16 635
a 16 71 941
a 71 16 941
a 16 73 714
a 73 16 714
a 16 74 696
a 74 16 696
a 16 77 641
a 77 16 641
a 16 80 570
a 80 16 570
a 16 81 203
a 81 16 203
a 16 84 422
a 84 16 422
a 16 86 969
a 86 16 969
a 16 87 778
a 87 16 778
a 16 88 640
a 88 16 640
a 16 89 370
a 89 16 370
a 16 91 634
a 91 16 634
a 16 97 331
a 97 16 331
a 16 98 415
a 98 16 415
a 16 99 937
a 99 16 937
a 16 100 666
a 100 16 666
a 17 18 950
a 18 17 950
a 17 20 107
a 20 17 107
a 17 22 186
a 22 17 186
a 17 26 347
a 26 17 347
a 17 27 174
a 27 17 174
a 17 30 985
a 30 17 985
a 17 31 416
a 31 17 416
a 17 36 796
a 36 17 796
a 17 37 285
a 37 17 285
a 17 41 947
a 41 17 947
a 17 43 287
a 43 17 287
a 17 44 670
a 44 17 670
a 17 46 495
a 46 17 495
a 17 48 217
a 48 17 217
a 17 52 538
a 52 17 538
a 17 54 554
a 54 17 554
a 17 55 815
a 55 17 815
a 17 56 803
a 56 17 803
a 17 58 217
a 58 17 217
a 17 62 848
a 62 17 848
a 17 63 978
a 63 17 978
a 17 64 183
a 64 17 183
a 17 65 330
a 65 17 330
a 17 66 654
a 66 17 654
a 17 68 884
a 68 17 884
a 17 69 193
a 69 17 193
a 17 71 603
a 71 17 603
a 17 73 496
a 73 17 496
a 17 74 142
a 74 17 142
a 17 75 314
a 75 17 314
a 17 76 817
a 76 17 817
a 17 77 131
a 77 17 131
a 17 78 554
a 78 17 554
a 17 79 674
a 79 17 674
a 17 81 774
a 81 17 774
a 17 82 321
a 82 17 321
a 17 83 374
a 83 17 374
a 17 85 880
a 85 17 880
a 17 86 780
a 86 17 780
a 17 87 114
a 87 17 114
a 17 88 300
a 88 17 300
a 17 91 671
a 91 17 671
a 17 93 749
a 93 17 749
a 17 95 100
a 95 17 100
a 17 98 256
a 98 17 256
a 17 99 160
a 99 17 160
a 17 100 511
a 100 17 511
a 18 19 305
a 19 18 305
a 18 21 905
a 21 18 905
a 18 23 314
a 23 18 314
a 18 24 418
a 24 18 418
a 18 25 666
a 25 18 666
a 18 26 214
a 26 18 214
a 18 27 792
a 27 18 792
a 18 29 819
a 29 18 819
a 18 30 290
a 30 18 290
a 18 34 282
a 34 18 282
a 18 37 692
a 37 18 692
a 18 38 101
a 38 18 101
a 18 39 484
a 39 18 484
a 18 40 332
a 40 18 332
a 18 42 789
a 42 18 789
a 18 43 801
a 43 18 801
a 18 44 588
a 44 18 588
a 18 45 477
a 45 18 477
a 18 46 754
a 46 18 754
a 18 47 600
a 47 18 600
a 18 48 730
a 48 18 730
a 18 50 166
a 50 18 166
a 18 51 588
a 51 18 588
a 18 52 910
a 52 18 910
a 18 53 954
a 53 18 954
a 18 55 269
a 55 18 269
a 18 56 439
a 56 18 439
a 18 57 373
a 57 18 373
a 18 58 637
a 58 18 637
a 18 60 519
a 60 18 519
a 18 62 105
a 62 18 105
a 18 63 166
a 63 18 166
a 18 64 808
a 64 18 808
a 18 67 894
a 67 18 894
a 18 69 331
a 69 18 331
a 18 70 945
a 70 18 945
a 18 72 532
a 72 18 532
a 18 74 978
a 74 18 978
a 18 75 491
a 75 18 491
a 18 78 768
a 78 18 768
a 18 79 838
a 79 18 838
a 18 81 126
a 81 18 126
a 18 82 362
a 82 18 362
a 18 84 625
a 84 18 625
a 18 85 519
a 85 18 519
a 18 86 209
a 86 18 209
a 18 87 335
a 87 18 335
a 18 88 420
a 88 18 420
a 18 89 879
a 89 18 879
a 18 90 994
a 90 18 994
a 18 92 520
a 92 18 520
a 18 93 176
a 93 18 176
a 18 96 972
a 96 18 972
a 18 97 820
a 97 18 820
a 18 98 442
a 98 18 442
a 18 99 600
a 99 18 600
a 19 20 409
a 20 19 409
a 19 21 343
a 21 19 343
a 19 24 681
a 24 19 681
a 19 25 378
a 25 19 378
a 19 28 763
a 28 19 763
a 19 29 710
a 29 19 710
a 19 31 323
a 31 19 323
a 19 32 758
a 32 19 758
a 19 33 942
a 33 19 942
a 19 37 416
a 37 19 416
a 19 38 789
a 38 19 789
a 19 39 590
a 39 19 590
a 19 40 343
a 40 19 343
a 19 42 493
a 42 19 493
a 19 43 666
a 43 19 666
a 19 44 910
a 44 19 910
a 19 45 341
a 45 19 341
a 19 47 698
a 47 19 698
a 19 48 117
a 48 19 117
a 19 50 822
a 50 19 822
a 19 51 546
a 51 19 546
a 19 54 994
a 54 19 994
a 19 55 612
a 55 19 612
a 19 58 736
a 58 19 736
a 19 60 967
a 60 19 967
a 19 61 852
a 61 19 852
a 19 63 129
a 63 19 129
a 19 65 320
a 65 19 320
a 19 66 637
a 66 19 637
a 19 67 430
a 67 19 430
a 19 68 620
a 68 19 620
a 19 70 688
a 70 19 688
a 19 71 832
a 71 19 832
a 19 73 918
a 73 19 918
a 19 75 479
a 75 19 479
a 19 76 787
a 76 19 787
a 19 78 199
a 78 19 199
a 19 79 942
a 79 19 942
a 19 80 453
a 80 19 453
a 19 83 606
a 83 19 606
a 19 84 284
a 84 19 284
a 19 85 411
a 85 19 411
a 19 86 996
a 86 19 996
a 19 87 668
a 87 19 668
a 19 88 371
a 88 19 371
a 19 89 170
a 89 19 170
a 19 90 841
a 90 19 841
a 19 91 503
a 91 19 503
a 19 92 131
a 92 19 131
a 19 95 712
a 95 19 712
a 19 97 204
a 97 19 204
a 19 98 148
a 98 19 148
a 19 99 822
a 99 19 822
a 19 100 644
a 100 19 644
a 20 22 246
a 22 20 246
a 20 25 498
a 25 20 498
a 20 29 244
a 29 20 244
a 20 30 566
a 30 20 566
a 20 32 582
a 32 20 582
a 20 35 841
a 35 20 841
a 20 36 923
a 36 20 923
a 20 38 802
a 38 20 802
a 20 39 332
a 39 20 332
a 20 41 809
a 41 20 809
a 20 42 400
a 42 20 400
a 20 43 729
a 43 20 729
a 20 44 640
a 44 20 640
a 20 46 108
a 46 20 108
a 20 48 363
a 48 20 363
a 20 49 868
a 49 20 868
a 20 50 192
a 50 20 192
a 20 51 464
a 51 20 464
a 20 55 272
a 55 20 272
a 20 57 170
a 57 20 170
a 20 58 535
a 58 20 535
a 20 59 256
a 59 20 256
a 20 60 177
a 60 20 177
a 20 61 774
a 61 20 774
a 20 63 319
a 63 20 319
a 20 66 681
a 66 20 681
a 20 68 587
a 68 20 587
a 20 70 704
a 70 20 704
a 20 71 244
a 71 20 244
a 20 75 203
a 75 20 203
a 20 76 123
a 76 20 123
a 20 77 611
a 77 20 611
a 20 78 745
a 78 20 745
a 20 79 920
a 79 20 920
a 20 82 611
a 82 20 611
a 20 83 248
a 83 20 248
a 20 84 535
a 84 20 535
a 20 86 268
a 86 20 268
a 20 87 230
a 87 20 230
a 20 88 332
a 88 20 332
a 20 89 236
a 89 20 236
a 20 90 388
a 90 20 388
a 20 91 831
a 91 20 831
a 20 92 198
a 92 20 198
a 20 94 910
a 94 20 910
a 20 96 994
a 96 20 994
a 20 97 528
a 97 20 528
a 20 98 479
a 98 20 479
a 20 99 464
a 99 20 464
a 20 100 121
a 100 20 121
a 21 22 166
a 22 21 166
a 21 23 816
a 23 21 816
a 21 25 989
a 25 21 989
a 21 26 901
a 26 21 901
a 21 27 727
a 27 21 727
a 21 29 490
a 29 21 490
a 21 30 585
a 30 21 585
a 21 36 400
a 36 21 400
a 21 39 566
a 39 21 566
a 21 40 357
a 40 21 357
a 21 41 384
a 41 21 384
a 21 43 389
a 43 21 389
a 21 44 437
a 44 21 437
a 21 45 141
a 45 21 141
a 21 49 670
a 49 21 670
a 21 53 439
a 53 21 439
a 21 54 268
a 54 21 268
a 21 55 493
a 55 21 493
a 21 56 150
a 56 21 150
a 21 57 285
a 57 21 285
a 21 58 108
a 58 21 108
a 21 59 185
a 59 21 185
a 21 60 146
a 60 21 146
a 21 62 305
a 62 21 305
a 21 63 315
a 63 21 315
a 21 64 521
a 64 21 521
a 21 66 633
a 66 21 633
a 21 67 930
a 67 21 930
a 21 69 401
a 69 21 401
a 21 71 655
a 71 21 655
a 21 72 758
a 72 21 758
a 21 78 465
a 78 21 465
a 21 81 734
a 81 21 734
a 21 82 589
a 82 21 589
a 21 83 710
a 83 21 710
a 21 84 726
a 84 21 726
a 21 85 981
a 85 21 981
a 21 86 371
a 86 21 371
a 21 88 164
a 88 21 164
a 21 89 646
a 89 21 646
a 21 91 576
a 91 21 576
a 21 92 798
a 92 21 798
a 21 94 623
a 94 21 623
a 21 96 468
a 96 21 468
a 21 97 893
a 97 21 893
a 21 98 725
a 98 21 725
a 22 23 100
a 23 22 100
a 22 25 871
a 25 22 871
a 22 26 554
a 26 22 554
a 22 28 526
a 28 22 526
a 22 29 744
a 29 22 744
a 22 30 869
a 30 22 869
a 22 32 529
a 32 22 529
a 22 34 266
a 34 22 266
a 22 36 168
a 36 22 168
a 22 38 721
a 38 22 721
a 22 40 436
a 40 22 436
a 22 42 564
a 42 22 564
a 22 43 826
a 43 22 826
a 22 44 290
a 44 22 290
a 22 45 638
a 45 22 638
a 22 46 951
a 46 22 951
a 22 49 945
a 49 22 945
a 22 51 430
a 51 22 430
a 22 52 144
a 52 22 144
a 22 53 515
a 53 22 515
a 22 55 408
a 55 22 408
a 22 57 416
a 57 22 416
a 22 58 240
a 58 22 240
a 22 59 947
a 59 22 947
a 22 60 830
a 60 22 830
a 22 62 219
a 62 22 219
a 22 67 306
a 67 22 306
a 22 68 438
a 68 22 438
a 22 70 377
a 70 22 377
a 22 71 871
a 71 22 871
a 22 72 489
a 72 22 489
a 22 73 152
a 73 22 152
a 22 74 268
a 74 22 268
a 22 75 223
a 75 22 223
a 22 76 828
a 76 22 828
a 22 78 392
a 78 22 392
a 22 79 765
a 79 22 765
a 22 81 411
a 81 22 411
a 22 82 963
a 82 22 963
a 22 85 969
a 85 22 969
a 22 86 821
a 86 22 821
a 22 87 583
a 87 22 583
a 22 89 465
a 89 22 465
a 22 92 730
a 92 22 730
a 22 93 173
a 93 22 173
a 22 94 477
a 94 22 477
a 22 97 254
a 97 22 254
a 22 98 348
a 98 22 348
a 22 99 185
a 99 22 185
a 22 100 255
a 100 22 255
a 23 24 466
a 24 23 466
a 23 26 267
a 26 23 267
a 23 29 715
a 29 23 715
a 23 30 413
a 30 23 413
a 23 31 345
a 31 23 345
a 23 34 719
a 34 23 719
a 23 35 886
a 35 23 886
a 23 36 971
a 36 23 971
a 23 38 514
a 38 23 514
a 23 39 384
a 39 23 384
a 23 41 488
a 41 23 488
a 23 42 520
a 42 23 520
a 23 43 400
a 43 23 400
a 23 44 551
a 44 23 551
a 23 45 860
a 45 23 860
a 23 46 899
a 46 23 899
a 23 48 606
a 48 23 606
a 23 49 428
a 49 23 428
a 23 50 199
a 50 23 199
a 23 51 462
a 51 23 462
a 23 52 443
a 52 23 443
a 23 53 862
a 53 23 862
a 23 54 457
a 54 23 457
a 23 55 837
a 55 23 837
a 23 56 841
a 56 23 841
a 23 58 402
a 58 23 402
a 23 59 616
a 59 23 616
a 23 60 851
a 60 23 851
a 23 61 356
a 61 23 356
a 23 62 835
a 62 23 835
a 23 63 585
a 63 23 585
a 23 64 133
a 64 23 133
a 23 65 198
a 65 23 198
a 23 66 193
a 66 23 193
a 23 67 201
a 67 23 201
a 23 68 784
a 68 23 784
a 23 69 562
a 69 23 562
a 23 70 343
a 70 23 343
a 23 72 584
a 72 23 584
a 23 73 483
a 73 23 483
a 23 75 267
a 75 23 267
a 23 76 893
a 76 23 893
a 23 77 961
a 77 23 961
a 23 78 634
a 78 23 634
a 23 79 688
a 79 23 688
a 23 80 732
a 80 23 732
a 23 81 920
a 81 23 920
a 23 82 474
a 82 23 474
a 23 84 436
a 84 23 436
a 23 87 127
a 87 23 127
a 23 88 490
a 88 23 490
a 23 89 751
a 89 23 751
a 23 92 401
a 92 23 401
a 23 93 211
a 93 23 211
a 23 94 591
a 94 23 591
a 23 95 113
a 95 23 113
a 23 96 669
a 96 23 669
a 23 98 172
a 98 23 172
a 23 99 289
a 99 23 289
a 24 25 106
a 25 24 106
a 24 28 448
a 28 24 448
a 24 29 735
a 29 24 735
a 24 35 939
a 35 24 939
a 24 36 978
a 36 24 978
a 24 38 601
a 38 24 601
a 24 39 821
a 39 24 821
a 24 40 992
a 40 24 992
a 24 41 290
a 41 24 290
a 24 43 388
a 43 24 388
a 24 44 420
a 44 24 420
a 24 45 869
a 45 24 869
a 24 46 348
a 46 24 348
a 24 47 517
a 47 24 517
a 24 49 213
a 49 24 213
a 24 50 883
a 50 24 883
a 24 51 401
a 51 24 401
a 24 52 709
a 52 24 709
a 24 53 336
a 53 24 336
a 24 54 567
a 54 24 567
a 24 55 353
a 55 24 353
a 24 56 855
a 56 24 855
a 24 58 440
a 58 24 440
a 24 61 647
a 61 24 647
a 24 63 119
a 63 24 119
a 24 65 495
a 65 24 495
a 24 67 728
a 67 24 728
a 24 68 368
a 68 24 368
a 24 73 392
a 73 24 392
a 24 77 835
a 77 24 835
a 24 78 436
a 78 24 436
a 24 79 940
a 79 24 940
a 24 82 518
a 82 24 518
a 24 83 356
a 83 24 356
a 24 86 138
a 86 24 138
a 24 88 415
a 88 24 415
a 24 89 897
a 89 24 897
a 24 90 804
a 90 24 804
a 24 92 999
a 92 24 999
a 24 93 220
a 93 24 220
a 24 94 112
a 94 24 112
a 24 95 513
a 95 24 513
a 24 96 281
a 96 24 281
a 24 97 544
a 97 24 544
a 24 98 553
a 98 24 553
a 24 99 726
a 99 24 726
a 25 26 854
a 26 25 854
a 25 27 470
a 27 25 470
a 25 28 572
a 28 25 572
a 25 34 380
a 34 25 380
a 25 35 544
a 35 25 544
a 25 37 132
a 37 25 132
a 25 38 124
a 38 25 124
a 25 40 648
a 40 25 648
a 25 43 888
a 43 25 888
a 25 44 682
a 44 25 682
a 25 46 943
a 46 25 943
a 25 47 490
a 47 25 490
a 25 51 773
a 51 25 773
a 25 54 196
a 54 25 196
a 25 57 434
a 57 25 434
a 25 58 615
a 58 25 615
a 25 59 531
a 59 25 531
a 25 60 791
a 60 25 791
a 25 64 142
a 64 25 142
a 25 65 334
a 65 25 334
a 25 66 659
a 66 25 659
a 25 68 187
a 68 25 187
a 25 70 891
a 70 25 891
a 25 71 569
a 71 25 569
a 25 72 304
a 72 25 304
a 25 74 767
a 74 25 767
a 25 75 535
a 75 25 535
a 25 76 876
a 76 25 876
a 25 77 486
a 77 25 486
a 25 78 810
a 78 25 810
a 25 79 695
a 79 25 695
a 25 80 964
a 80 25 964
a 25 81 172
a 81 25 172
a 25 82 551
a 82 25 551
a 25 83 876
a 83 25 876
a 25 84 687
a 84 25 687
a 25 86 710
a 86 25 710
a 25 88 447
a 88 25 447
a 25 89 481
a 89 25 481
a 25 90 108
a 90 25 108
a 25 91 274
a 91 25 274
a 25 92 236
a 92 25 236
a 25 93 336
a 93 25 336
a 25 94 163
a 94 25 163
a 25 96 778
a 96 25 778
a 25 98 605
a 98 25 605
a 25 99 233
a 99 25 233
a 25 100 111
a 100 25 111
a 26 27 608
a 27 26 608
a 26 28 875
a 28 26 875
a 26 29 735
a 29 26 735
a 26 32 884
a 32 26 884
a 26 35 904
a 35 26 904
a 26 36 101
a 36 26 101
a 26 40 953
a 40 26 953
a 26 41 667
a 41 26 667
a 26 42 920
a 42 26 920
a 26 43 101
a 43 26 101
a 26 45 119
a 45 26 119
a 26 47 447
a 47 26 447
a 26 48 527
a 48 26 527
a 26 49 939
a 49 26 939
a 26 50 789
a 50 26 789
a 26 52 305
a 52 26 305
a 26 53 622
a 53 26 622
a 26 55 436
a 55 26 436
a 26 56 671
a 56 26 671
a 26 57 883
a 57 26 883
a 26 58 913
a 58 26 913
a 26 60 906
a 60 26 906
a 26 61 148
a 61 26 148
a 26 62 161
a 62 26 161
a 26 64 746
a 64 26 746
a 26 66 834
a 66 26 834
a 26 71 234
a 71 26 234
a 26 73 690
a 73 26 690
a 26 74 564
a 74 26 564
a 26 83 680
a 83 26 680
a 26 85 446
a 85 26 446
a 26 86 187
a 86 26 187
a 26 87 978
a 87 26 978
a 26 88 768
a 88 26 768
a 26 89 788
a 89 26 788
a 26 90 564
a 90 26 564
a 26 91 533
a 91 26 533
a 26 92 581
a 92 26 581
a 26 93 402
a 93 26 402
a 26 95 832
a 95 26 832
a 26 96 171
a 96 26 171
a 26 97 711
a 97 26 711
a 26 98 937
a 98 26 937
a 26 99 622
a 99 26 622
a 26 100 824
a 100 26 824
a 27 28 351
a 28 27 351
a 27 29 846
a 29 27 846
a 27 30 402
a 30 27 402
a 27 32 875
a 32 27 875
a 27 33 388
a 33 27 388
a 27 34 747
a 34 27 747
a 27 35 474
a 35 27 474
a 27 36 704
a 36 27 704
a 27 40 650
a 40 27 650
a 27 41 498
a 41 27 498
a 27 42 338
a 42 27 338
a 27 43 411
a 43 27 411
a 27 45 974
a 45 27 974
a 27 47 666
a 47 27 666
a 27 48 859
a 48 27 859
a 27 49 910
a 49 27 910
a 27 50 890
a 50 27 890
a 27 53 773
a 53 27 773
a 27 55 966
a 55 27 966
a 27 57 609
a 57 27 609
a 27 59 466
a 59 27 466
a 27 60 730
a 60 27 730
a 27 61 792
a 61 27 792
a 27 62 842
a 62 27 842
a 27 63 968
a 63 27 968
a 27 64 568
a 64 27 568
a 27 66 291
a 66 27 291
a 27 67 227
a 67 27 227
a 27 69 547
a 69 27 547
a 27 71 989
a 71 27 989
a 27 73 211
a 73 27 211
a 27 75 436
a 75 27 436
a 27 76 369
a 76 27 369
a 27 77 532
a 77 27 532
a 27 78 267
a 78 27 267
a 27 79 704
a 79 27 704
a 27 80 663
a 80 27 663
a 27 82 875
a 82 27 875
a 27 84 824
a 84 27 824
a 27 85 131
a 85 27 131
a 27 87 878
a 87 27 878
a 27 91 199
a 91 27 199
a 27 92 572
a 92 27 572
a 27 93 786
a 93 27 786
a 27 96 145
a 96 27 145
a 27 97 233
a 97 27 233
a 27 98 334
a 98 27 334
a 28 29 862
a 29 28 862
a 28 30 502
a 30 28 502
a 28 31 619
a 31 28 619
a 28 32 442
a 32 28 442
a 28 33 630
a 33 28 630
a 28 36 218
a 36 28 218
a 28 37 213
a 37 28 213
a 28 39 990
a 39 28 990
a 28 44 240
a 44 28 240
a 28 46 357
a 46 28 357
a 28 48 191
a 48 28 191
a 28 50 179
a 50 28 179
a 28 51 512
a 51 28 512
a 28 54 942
a 54 28 942
a 28 57 975
a 57 28 975
a 28 58 685
a 58 28 685
a 28 59 415
a 59 28 415
a 28 60 397
a 60 28 397
a 28 61 746
a 61 28 746
a 28 63 469
a 63 28 469
a 28 66 481
a 66 28 481
a 28 68 674
a 68 28 674
a 28 69 350
a 69 28 350
a 28 70 591
a 70 28 591
a 28 71 580
a 71 28 580
a 28 73 458
a 73 28 458
a 28 74 274
a 74 28 274
a 28 75 413
a 75 28 413
a 28 76 995
a 76 28 995
a 28 78 815
a 78 28 815
a 28 80 766
a 80 28 766
a 28 84 210
a 84 28 210
a 28 85 938
a 85 28 938
a 28 88 118
a 88 28 118
a 28 89 308
a 89 28 308
a 28 90 448
a 90 28 448
a 28 93 288
a 93 28 288
a 28 94 684
a 94 28 684
a 28 95 692
a 95 28 692
a 28 96 468
a 96 28 468
a 28 98 692
a 98 28 692
a 28 99 515
a 99 28 515
a 29 30 422
a 30 29 422
a 29 31 569
a 31 29 569
a 29 33 917
a 33 29 917
a 29 36 706
a 36 29 706
a 29 38 584
a 38 29 584
a 29 39 330
a 39 29 330
a 29 40 604
a 40 29 604
a 29 41 518
a 41 29 518
a 29 42 608
a 42 29 608
a 29 44 136
a 44 29 136
a 29 45 663
a 45 29 663
a 29 47 363
a 47 29 363
a 29 48 509
a 48 29 509
a 29 50 764
a 50 29 764
a 29 52 183
a 52 29 183
a 29 53 336
a 53 29 336
a 29 54 120
a 54 29 120
a 29 57 376
a 57 29 376
a 29 58 206
a 58 29 206
a 29 59 147
a 59 29 147
a 29 61 626
a 61 29 626
a 29 63 947
a 63 29 947
a 29 64 752
a 64 29 752
a 29 67 212
a 67 29 212
a 29 68 700
a 68 29 700
a 29 69 688
a 69 29 688
a 29 70 833
a 70 29 833
a 29 71 216
a 71 29 216
a 29 72 756
a 72 29 756
a 29 73 758
a 73 29 758
a 29 75 132
a 75 29 132
a 29 76 334
a 76 29 334
a 29 77 160
a 77 29 160
a 29 79 262
a 79 29 262
a 29 80 382
a 80 29 382
a 29 82 995
a 82 29 995
a 29 83 723
a 83 29 723
a 29 85 349
a 85 29 349
a 29 86 806
a 86 29 806
a 29 87 364
a 87 29 364
a 29 90 874
a 90 29 874
a 29 92 509
a 92 29 509
a 29 94 479
a 94 29 479
a 29 95 106
a 95 29 106
a 29 97 285
a 97 29 285
a 29 98 604
a 98 29 604
a 29 99 725
a 99 29 725
a 30 31 344
a 31 30 344
a 30 33 691
a 33 30 691
a 30 34 311
a 34 30 311
a 30 35 547
a 35 30 547
a 30 36 571
a 36 30 571
a 30 39 656
a 39 30 656
a 30 40 623
a 40 30 623
a 30 41 835
a 41 30 835
a 30 42 935
a 42 30 935
a 30 43 358
a 43 30 358
a 30 44 593
a 44 30 593
a 30 45 887
a 45 30 887
a 30 47 205
a 47 30 205
a 30 48 828
a 48 30 828
a 30 49 689
a 49 30 689
a 30 50 645
a 50 30 645
a 30 51 863
a 51 30 863
a 30 53 666
a 53 30 666
a 30 54 176
a 54 30 176
a 30 55 727
a 55 30 727
a 30 56 432
a 56 30 432
a 30 57 623
a 57 30 623
a 30 58 137
a 58 30 137
a 30 61 134
a 61 30 134
a 30 63 881
a 63 30 881
a 30 64 213
a 64 30 213
a 30 65 539
a 65 30 539
a 30 67 703
a 67 30 703
a 30 68 675
a 68 30 675
a 30 69 247
a 69 30 247
a 30 71 858
a 71 30 858
a 30 72 807
a 72 30 807
a 30 74 600
a 74 30 600
a 30 75 812
a 75 30 812
a 30 76 234
a 76 30 234
a 30 78 522
a 78 30 522
a 30 79 210
a 79 30 210
a 30 80 926
a 80 30 926
a 30 81 929
a 81 30 929
a 30 82 425
a 82 30 425
a 30 84 365
a 84 30 365
a 30 86 594
a 86 30 594
a 30 87 820
a 87 30 820
a 30 88 336
a 88 30 336
a 30 89 178
a 89 30 178
a 30 91 331
a 91 30 331
a 30 92 192
a 92 30 192
a 30 93 966
a 93 30 966
a 30 95 431
a 95 30 431
a 30 96 738
a 96 30 738
a 30 97 647
a 97 30 647
a 30 100 227
a 100 30 227
a 31 32 893
a 32 31 893
a 31 33 770
a 33 31 770
a 31 35 759
a 35 31 759
a 31 36 748
a 36 31 748
a 31 37 794
a 37 31 794
a 31 38 635
a 38 31 635
a 31 39 541
a 39 31 541
a 31 41 694
a 41 31 694
a 31 43 765
a 43 31 765
a 31 45 915
a 45 31 915
a 31 46 306
a 46 31 306
a 31 48 237
a 48 31 237
a 31 49 467
a 49 31 467
a 31 51 930
a 51 31 930
a 31 52 875
a 52 31 875
a 31 53 172
a 53 31 172
a 31 54 731
a 54 31 731
a 31 55 683
a 55 31 683
a 31 56 603
a 56 31 603
a 31 57 852
a 57 31 852
a 31 58 266
a 58 31 266
a 31 61 755
a 61 31 755
a 31 63 311
a 63 31 311
a 31 64 448
a 64 31 448
a 31 65 581
a 65 31 581
a 31 68 943
a 68 31 943
a 31 69 515
a 69 31 515
a 31 70 706
a 70 31 706
a 31 71 790
a 71 31 790
a 31 75 624
a 75 31 624
a 31 77 253
a 77 31 253
a 31 78 838
a 78 31 838
a 31 79 105
a 79 31 105
a 31 81 532
a 81 31 532
a 31 84 643
a 84 31 643
a 31 85 984
a 85 31 984
a 31 88 972
a 88 31 972
a 31 89 277
a 89 31 277
a 31 93 533
a 93 31 533
a 31 94 553
a 94 31 553
a 31 98 964
a 98 31 964
a 31 99 229
a 99 31 229
a 31 100 768
a 100 31 768
a 32 33 594
a 33 32 594
a 32 38 982
a 38 32 982
a 32 41 120
a 41 32 120
a 32 42 102
a 42 32 102
a 32 43 957
a 43 32 957
a 32 44 932
a 44 32 932
a 32 45 761
a 45 32 761
a 32 51 602
a 51 32 602
a 32 52 157
a 52 32 157
a 32 53 620
a 53 32 620
a 32 54 891
a 54 32 891
a 32 59 718
a 59 32 718
a 32 60 545
a 60 32 545
a 32 63 315
a 63 32 315
a 32 70 842
a 70 32 842
a 32 71 102
a 71 32 102
a 32 72 889
a 72 32 889
a 32 73 144
a 73 32 144
a 32 74 523
a 74 32 523
a 32 75 211
a 75 32 211
a 32 76 519
a 76 32 519
a 32 78 841
a 78 32 841
a 32 80 519
a 80 32 519
a 32 81 245
a 81 32 245
a 32 82 536
a 82 32 536
a 32 83 446
a 83 32 446
a 32 84 734
a 84 32 734
a 32 85 248
a 85 32 248
a 32 87 908
a 87 32 908
a 32 88 280
a 88 32 280
a 32 89 995
a 89 32 995
a 32 90 221
a 90 32 221
a 32 91 629
a 91 32 629
a 32 92 178
a 92 32 178
a 32 93 556
a 93 32 556
a 32 94 829
a 94 32 829
a 32 96 115
a 96 32 115
a 32 98 864
a 98 32 864
a 32 99 882
a 99 32 882
a 32 100 669
a 100 32 669
a 33 35 996
a 35 33 996
a 33 36 511
a 36 33 511
a 33 39 908
a 39 33 908
a 33 40 544
a 40 33 544
a 33 41 788
a 41 33 788
a 33 42 947
a 42 33 947
a 33 44 714
a 44 33 714
