p sp 100 8800
c
a 1 2 803
a 2 1 803
a 1 3 547
a 3 1 547
a 1 5 103
a 5 1 103
a 1 6 682
a 6 1 682
a 1 7 166
a 7 1 166
a 1 8 907
a 8 1 907
a 1 10 655
a 10 1 655
a 1 12 830
a 12 1 830
a 1 15 818
a 15 1 818
a 1 17 148
a 17 1 148
a 1 18 573
a 18 1 573
a 1 19 179
a 19 1 179
a 1 20 205
a 20 1 205
a 1 21 788
a 21 1 788
a 1 22 896
a 22 1 896
a 1 23 394
a 23 1 394
a 1 24 225
a 24 1 225
a 1 25 827
a 25 1 827
a 1 26 514
a 26 1 514
a 1 28 961
a 28 1 961
a 1 30 427
a 30 1 427
a 1 31 441
a 31 1 441
a 1 32 743
a 32 1 743
a 1 33 272
a 33 1 272
a 1 34 211
a 34 1 211
a 1 35 917
a 35 1 917
a 1 36 662
a 36 1 662
a 1 38 702
a 38 1 702
a 1 39 100
a 39 1 100
a 1 40 428
a 40 1 428
a 1 42 102
a 42 1 102
a 1 43 441
a 43 1 441
a 1 44 386
a 44 1 386
a 1 46 740
a 46 1 740
a 1 48 539
a 48 1 539
a 1 49 497
a 49 1 497
a 1 51 988
a 51 1 988
a 1 52 820
a 52 1 820
a 1 54 421
a 54 1 421
a 1 55 172
a 55 1 172
a 1 56 855
a 56 1 855
a 1 57 863
a 57 1 863
a 1 58 670
a 58 1 670
a 1 59 559
a 59 1 559
a 1 61 518
a 61 1 518
a 1 62 822
a 62 1 822
a 1 63 611
a 63 1 611
a 1 64 815
a 64 1 815
a 1 65 880
a 65 1 880
a 1 66 565
a 66 1 565
a 1 67 920
a 67 1 920
a 1 68 421
a 68 1 421
a 1 69 199
a 69 1 199
a 1 70 554
a 70 1 554
a 1 71 898
a 71 1 898
a 1 73 962
a 73 1 962
a 1 74 672
a 74 1 672
a 1 75 998
a 75 1 998
a 1 76 561
a 76 1 561
a 1 77 637
a 77 1 637
a 1 78 390
a 78 1 390
a 1 79 639
a 79 1 639
a 1 80 935
a 80 1 935
a 1 81 673
a 81 1 673
a 1 82 747
a 82 1 747
a 1 83 462
a 83 1 462
a 1 84 121
a 84 1 121
a 1 85 568
a 85 1 568
a 1 86 957
a 86 1 957
a 1 87 558
a 87 1 558
a 1 88 779
a 88 1 779
a 1 89 876
a 89 1 876
a 1 90 824
a 90 1 824
a 1 91 120
a 91 1 120
a 1 92 123
a 92 1 123
a 1 93 763
a 93 1 763
a 1 94 293
a 94 1 293
a 1 95 962
a 95 1 962
a 1 96 671
a 96 1 671
a 1 97 748
a 97 1 748
a 1 98 224
a 98 1 224
a 1 99 148
a 99 1 148
a 1 100 411
a 100 1 411
a 2 4 143
a 4 2 143
a 2 6 953
a 6 2 953
a 2 7 775
a 7 2 775
a 2 8 984
a 8 2 984
a 2 10 158
a 10 2 158
a 2 11 652
a 11 2 652
a 2 12 774
a 12 2 774
a 2 13 454
a 13 2 454
a 2 14 995
a 14 2 995
a 2 18 475
a 18 2 475
a 2 21 459
a 21 2 459
a 2 22 296
a 22 2 296
a 2 24 131
a 24 2 131
a 2 25 381
a 25 2 381
a 2 30 610
a 30 2 610
a 2 31 404
a 31 2 404
a 2 32 742
a 32 2 742
a 2 34 575
a 34 2 575
a 2 37 678
a 37 2 678
a 2 39 497
a 39 2 497
a 2 40 415
a 40 2 415
a 2 42 460
a 42 2 460
a 2 43 382
a 43 2 382
a 2 44 923
a 44 2 923
a 2 46 844
a 46 2 844
a 2 47 891
a 47 2 891
a 2 48 355
a 48 2 355
a 2 51 365
a 51 2 365
a 2 52 990
a 52 2 990
a 2 53 848
a 53 2 848
a 2 54 401
a 54 2 401
a 2 56 907
a 56 2 907
a 2 57 462
a 57 2 462
a 2 58 966
a 58 2 966
a 2 59 208
a 59 2 208
a 2 60 899
a 60 2 899
a 2 61 622
a 61 2 622
a 2 62 830
a 62 2 830
a 2 63 433
a 63 2 433
a 2 64 174
a 64 2 174
a 2 66 750
a 66 2 750
a 2 67 566
a 67 2 566
a 2 68 642
a 68 2 642
a 2 70 952
a 70 2 952
a 2 72 916
a 72 2 916
a 2 73 457
a 73 2 457
a 2 74 764
a 74 2 764
a 2 75 626
a 75 2 626
a 2 76 188
a 76 2 188
a 2 77 339
a 77 2 339
a 2 78 671
a 78 2 671
a 2 79 560
a 79 2 560
a 2 80 411
a 80 2 411
a 2 81 346
a 81 2 346
a 2 83 770
a 83 2 770
a 2 84 937
a 84 2 937
a 2 85 924
a 85 2 924
a 2 86 734
a 86 2 734
a 2 87 449
a 87 2 449
a 2 88 524
a 88 2 524
a 2 89 674
a 89 2 674
a 2 90 162
a 90 2 162
a 2 91 654
a 91 2 654
a 2 92 873
a 92 2 873
a 2 93 599
a 93 2 599
a 2 94 154
a 94 2 154
a 2 95 516
a 95 2 516
a 2 96 251
a 96 2 251
a 2 97 642
a 97 2 642
a 2 98 786
a 98 2 786
a 2 99 335
a 99 2 335
a 2 100 177
a 100 2 177
a 3 4 252
a 4 3 252
a 3 5 832
a 5 3 832
a 3 6 878
a 6 3 878
a 3 7 322
a 7 3 322
a 3 10 776
a 10 3 776
a 3 11 328
a 11 3 328
a 3 12 884
a 12 3 884
a 3 13 877
a 13 3 877
a 3 14 235
a 14 3 235
a 3 15 165
a 15 3 165
a 3 16 917
a 16 3 917
a 3 18 160
a 18 3 160
a 3 19 352
a 19 3 352
a 3 20 318
a 20 3 318
a 3 21 807
a 21 3 807
a 3 22 987
a 22 3 987
a 3 24 640
a 24 3 640
a 3 26 516
a 26 3 516
a 3 29 748
a 29 3 748
a 3 30 925
a 30 3 925
a 3 31 837
a 31 3 837
a 3 33 674
a 33 3 674
a 3 34 644
a 34 3 644
a 3 35 581
a 35 3 581
a 3 36 857
a 36 3 857
a 3 37 681
a 37 3 681
a 3 39 590
a 39 3 590
a 3 41 369
a 41 3 369
a 3 42 986
a 42 3 986
a 3 44 944
a 44 3 944
a 3 47 304
a 47 3 304
a 3 49 846
a 49 3 846
a 3 50 243
a 50 3 243
a 3 51 887
a 51 3 887
a 3 52 827
a 52 3 827
a 3 54 204
a 54 3 204
a 3 56 732
a 56 3 732
a 3 57 909
a 57 3 909
a 3 59 209
a 59 3 209
a 3 60 326
a 60 3 326
a 3 61 966
a 61 3 966
a 3 62 273
a 62 3 273
a 3 65 688
a 65 3 688
a 3 66 573
a 66 3 573
a 3 67 275
a 67 3 275
a 3 68 131
a 68 3 131
a 3 69 635
a 69 3 635
a 3 71 120
a 71 3 120
a 3 73 103
a 73 3 103
a 3 74 638
a 74 3 638
a 3 75 829
a 75 3 829
a 3 76 900
a 76 3 900
a 3 77 292
a 77 3 292
a 3 78 232
a 78 3 232
a 3 79 363
a 79 3 363
a 3 80 762
a 80 3 762
a 3 81 325
a 81 3 325
a 3 82 782
a 82 3 782
a 3 83 467
a 83 3 467
a 3 84 636
a 84 3 636
a 3 85 706
a 85 3 706
a 3 86 602
a 86 3 602
a 3 87 526
a 87 3 526
a 3 88 811
a 88 3 811
a 3 89 868
a 89 3 868
a 3 90 491
a 90 3 491
a 3 91 245
a 91 3 245
a 3 92 255
a 92 3 255
a 3 93 249
a 93 3 249
a 3 94 661
a 94 3 661
a 3 95 409
a 95 3 409
a 3 96 637
a 96 3 637
a 3 97 303
a 97 3 303
a 3 98 280
a 98 3 280
a 3 99 880
a 99 3 880
a 3 100 455
a 100 3 455
a 4 5 308
a 5 4 308
a 4 8 806
a 8 4 806
a 4 9 612
a 9 4 612
a 4 10 998
a 10 4 998
a 4 11 988
a 11 4 988
a 4 12 986
a 12 4 986
a 4 14 923
a 14 4 923
a 4 16 973
a 16 4 973
a 4 17 182
a 17 4 182
a 4 18 993
a 18 4 993
a 4 19 929
a 19 4 929
a 4 20 632
a 20 4 632
a 4 22 268
a 22 4 268
a 4 24 569
a 24 4 569
a 4 25 566
a 25 4 566
a 4 26 832
a 26 4 832
a 4 28 484
a 28 4 484
a 4 29 465
a 29 4 465
a 4 30 550
a 30 4 550
a 4 31 713
a 31 4 713
a 4 33 746
a 33 4 746
a 4 34 134
a 34 4 134
a 4 35 829
a 35 4 829
a 4 37 543
a 37 4 543
a 4 39 963
a 39 4 963
a 4 41 956
a 41 4 956
a 4 42 953
a 42 4 953
a 4 44 966
a 44 4 966
a 4 45 926
a 45 4 926
a 4 46 356
a 46 4 356
a 4 48 833
a 48 4 833
a 4 49 440
a 49 4 440
a 4 50 773
a 50 4 773
a 4 51 647
a 51 4 647
a 4 52 238
a 52 4 238
a 4 57 417
a 57 4 417
a 4 58 107
a 58 4 107
a 4 59 404
a 59 4 404
a 4 60 334
a 60 4 334
a 4 62 520
a 62 4 520
a 4 63 843
a 63 4 843
a 4 64 498
a 64 4 498
a 4 66 170
a 66 4 170
a 4 67 907
a 67 4 907
a 4 68 234
a 68 4 234
a 4 69 134
a 69 4 134
a 4 70 395
a 70 4 395
a 4 71 723
a 71 4 723
a 4 72 469
a 72 4 469
a 4 73 227
a 73 4 227
a 4 74 752
a 74 4 752
a 4 75 750
a 75 4 750
a 4 76 409
a 76 4 409
a 4 77 737
a 77 4 737
a 4 78 732
a 78 4 732
a 4 79 298
a 79 4 298
a 4 80 853
a 80 4 853
a 4 81 989
a 81 4 989
a 4 82 257
a 82 4 257
a 4 83 203
a 83 4 203
a 4 84 992
a 84 4 992
a 4 85 756
a 85 4 756
a 4 86 618
a 86 4 618
a 4 87 896
a 87 4 896
a 4 88 398
a 88 4 398
a 4 89 205
a 89 4 205
a 4 90 813
a 90 4 813
a 4 91 477
a 91 4 477
a 4 92 327
a 92 4 327
a 4 93 260
a 93 4 260
a 4 94 298
a 94 4 298
a 4 95 129
a 95 4 129
a 4 96 945
a 96 4 945
a 4 97 886
a 97 4 886
a 4 98 388
a 98 4 388
a 4 99 508
a 99 4 508
a 4 100 643
a 100 4 643
a 5 6 864
a 6 5 864
a 5 7 937
a 7 5 937
a 5 8 117
a 8 5 117
a 5 9 535
a 9 5 535
a 5 11 124
a 11 5 124
a 5 13 704
a 13 5 704
a 5 14 411
a 14 5 411
a 5 15 125
a 15 5 125
a 5 16 584
a 16 5 584
a 5 17 829
a 17 5 829
a 5 18 266
a 18 5 266
a 5 19 313
a 19 5 313
a 5 20 153
a 20 5 153
a 5 21 720
a 21 5 720
a 5 22 843
a 22 5 843
a 5 23 623
a 23 5 623
a 5 24 385
a 24 5 385
a 5 27 514
a 27 5 514
a 5 28 461
a 28 5 461
a 5 29 180
a 29 5 180
a 5 30 697
a 30 5 697
a 5 31 382
a 31 5 382
a 5 32 994
a 32 5 994
a 5 33 925
a 33 5 925
a 5 34 189
a 34 5 189
a 5 35 105
a 35 5 105
a 5 36 726
a 36 5 726
a 5 38 926
a 38 5 926
a 5 39 747
a 39 5 747
a 5 40 822
a 40 5 822
a 5 41 354
a 41 5 354
a 5 42 142
a 42 5 142
a 5 43 221
a 43 5 221
a 5 44 915
a 44 5 915
a 5 47 956
a 47 5 956
a 5 48 878
a 48 5 878
a 5 49 549
a 49 5 549
a 5 51 902
a 51 5 902
a 5 52 985
a 52 5 985
a 5 53 936
a 53 5 936
a 5 54 560
a 54 5 560
a 5 55 615
a 55 5 615
a 5 56 811
a 56 5 811
a 5 59 951
a 59 5 951
a 5 60 132
a 60 5 132
a 5 61 146
a 61 5 146
a 5 62 338
a 62 5 338
a 5 63 960
a 63 5 960
a 5 64 357
a 64 5 357
a 5 65 103
a 65 5 103
a 5 66 438
a 66 5 438
a 5 68 673
a 68 5 673
a 5 69 775
a 69 5 775
a 5 70 938
a 70 5 938
a 5 71 520
a 71 5 520
a 5 72 346
a 72 5 346
a 5 73 176
a 73 5 176
a 5 74 427
a 74 5 427
a 5 76 399
a 76 5 399
a 5 77 171
a 77 5 171
a 5 78 843
a 78 5 843
a 5 79 324
a 79 5 324
a 5 80 640
a 80 5 640
a 5 81 698
a 81 5 698
a 5 82 326
a 82 5 326
a 5 83 386
a 83 5 386
a 5 84 566
a 84 5 566
a 5 85 748
a 85 5 748
a 5 86 121
a 86 5 121
a 5 87 676
a 87 5 676
a 5 88 763
a 88 5 763
a 5 89 840
a 89 5 840
a 5 90 196
a 90 5 196
a 5 91 183
a 91 5 183
a 5 92 655
a 92 5 655
a 5 93 288
a 93 5 288
a 5 94 899
a 94 5 899
a 5 95 818
a 95 5 818
a 5 96 528
a 96 5 528
a 5 97 594
a 97 5 594
a 5 98 183
a 98 5 183
a 5 99 402
a 99 5 402
a 5 100 944
a 100 5 944
a 6 8 156
a 8 6 156
a 6 9 926
a 9 6 926
a 6 10 425
a 10 6 425
a 6 11 767
a 11 6 767
a 6 12 876
a 12 6 876
a 6 14 746
a 14 6 746
a 6 15 259
a 15 6 259
a 6 16 294
a 16 6 294
a 6 20 218
a 20 6 218
a 6 21 596
a 21 6 596
a 6 23 100
a 23 6 100
a 6 24 323
a 24 6 323
a 6 25 370
a 25 6 370
a 6 30 973
a 30 6 973
a 6 31 418
a 31 6 418
a 6 34 285
a 34 6 285
a 6 35 595
a 35 6 595
a 6 36 562
a 36 6 562
a 6 37 901
a 37 6 901
a 6 39 927
a 39 6 927
a 6 40 705
a 40 6 705
a 6 41 451
a 41 6 451
a 6 46 687
a 46 6 687
a 6 47 882
a 47 6 882
a 6 48 544
a 48 6 544
a 6 49 994
a 49 6 994
a 6 50 244
a 50 6 244
a 6 51 416
a 51 6 416
a 6 52 803
a 52 6 803
a 6 53 214
a 53 6 214
a 6 54 274
a 54 6 274
a 6 55 980
a 55 6 980
a 6 56 361
a 56 6 361
a 6 58 349
a 58 6 349
a 6 59 980
a 59 6 980
a 6 60 346
a 60 6 346
a 6 61 945
a 61 6 945
a 6 62 742
a 62 6 742
a 6 63 645
a 63 6 645
a 6 65 566
a 65 6 566
a 6 66 248
a 66 6 248
a 6 67 325
a 67 6 325
a 6 69 525
a 69 6 525
a 6 70 286
a 70 6 286
a 6 71 920
a 71 6 920
a 6 72 847
a 72 6 847
a 6 73 965
a 73 6 965
a 6 74 865
a 74 6 865
a 6 75 178
a 75 6 178
a 6 78 952
a 78 6 952
a 6 79 263
a 79 6 263
a 6 80 672
a 80 6 672
a 6 81 962
a 81 6 962
a 6 82 271
a 82 6 271
a 6 83 786
a 83 6 786
a 6 84 472
a 84 6 472
a 6 85 705
a 85 6 705
a 6 86 995
a 86 6 995
a 6 87 447
a 87 6 447
a 6 88 545
a 88 6 545
a 6 89 820
a 89 6 820
a 6 90 390
a 90 6 390
a 6 91 217
a 91 6 217
a 6 92 506
a 92 6 506
a 6 93 594
a 93 6 594
a 6 94 889
a 94 6 889
a 6 95 504
a 95 6 504
a 6 96 537
a 96 6 537
a 6 97 805
a 97 6 805
a 6 98 874
a 98 6 874
a 6 99 629
a 99 6 629
a 6 100 573
a 100 6 573
a 7 8 694
a 8 7 694
a 7 9 599
a 9 7 599
a 7 10 790
a 10 7 790
a 7 11 558
a 11 7 558
a 7 13 334
a 13 7 334
a 7 14 681
a 14 7 681
a 7 15 419
a 15 7 419
a 7 16 518
a 16 7 518
a 7 17 262
a 17 7 262
a 7 18 928
a 18 7 928
a 7 19 392
a 19 7 392
a 7 20 423
a 20 7 423
a 7 22 134
a 22 7 134
a 7 24 165
a 24 7 165
a 7 26 531
a 26 7 531
a 7 27 494
a 27 7 494
a 7 28 933
a 28 7 933
a 7 29 753
a 29 7 753
a 7 31 590
a 31 7 590
a 7 32 699
a 32 7 699
a 7 34 482
a 34 7 482
a 7 35 996
a 35 7 996
a 7 36 387
a 36 7 387
a 7 37 712
a 37 7 712
a 7 38 530
a 38 7 530
a 7 39 236
a 39 7 236
a 7 40 258
a 40 7 258
a 7 41 656
a 41 7 656
a 7 42 587
a 42 7 587
a 7 43 940
a 43 7 940
a 7 44 162
a 44 7 162
a 7 45 663
a 45 7 663
a 7 47 865
a 47 7 865
a 7 50 737
a 50 7 737
a 7 51 554
a 51 7 554
a 7 53 393
a 53 7 393
a 7 54 138
a 54 7 138
a 7 55 785
a 55 7 785
a 7 57 287
a 57 7 287
a 7 58 664
a 58 7 664
a 7 59 953
a 59 7 953
a 7 60 492
a 60 7 492
a 7 61 162
a 61 7 162
a 7 62 880
a 62 7 880
a 7 63 205
a 63 7 205
a 7 64 224
a 64 7 224
a 7 65 167
a 65 7 167
a 7 67 861
a 67 7 861
a 7 68 312
a 68 7 312
a 7 69 497
a 69 7 497
a 7 71 922
a 71 7 922
a 7 72 980
a 72 7 980
a 7 73 707
a 73 7 707
a 7 74 436
a 74 7 436
a 7 75 254
a 75 7 254
a 7 76 991
a 76 7 991
a 7 77 969
a 77 7 969
a 7 79 938
a 79 7 938
a 7 80 892
a 80 7 892
a 7 81 699
a 81 7 699
a 7 83 694
a 83 7 694
a 7 84 811
a 84 7 811
a 7 85 542
a 85 7 542
a 7 86 105
a 86 7 105
a 7 87 197
a 87 7 197
a 7 88 806
a 88 7 806
a 7 89 889
a 89 7 889
a 7 90 114
a 90 7 114
a 7 91 867
a 91 7 867
a 7 92 194
a 92 7 194
a 7 93 189
a 93 7 189
a 7 94 125
a 94 7 125
a 7 95 912
a 95 7 912
a 7 96 818
a 96 7 818
a 7 97 795
a 97 7 795
a 7 98 696
a 98 7 696
a 7 99 216
a 99 7 216
a 7 100 927
a 100 7 927
a 8 9 153
a 9 8 153
a 8 10 456
a 10 8 456
a 8 11 958
a 11 8 958
a 8 13 888
a 13 8 888
a 8 14 545
a 14 8 545
a 8 15 435
a 15 8 435
a 8 17 378
a 17 8 378
a 8 18 905
a 18 8 905
a 8 20 994
a 20 8 994
a 8 21 253
a 21 8 253
a 8 22 818
a 22 8 818
a 8 23 707
a 23 8 707
a 8 24 363
a 24 8 363
a 8 25 759
a 25 8 759
a 8 26 709
a 26 8 709
a 8 27 365
a 27 8 365
a 8 28 755
a 28 8 755
a 8 30 529
a 30 8 529
a 8 31 676
a 31 8 676
a 8 32 298
a 32 8 298
a 8 33 469
a 33 8 469
a 8 34 578
a 34 8 578
a 8 35 717
a 35 8 717
a 8 36 447
a 36 8 447
a 8 37 829
a 37 8 829
a 8 38 616
a 38 8 616
a 8 39 235
a 39 8 235
a 8 41 404
a 41 8 404
a 8 45 724
a 45 8 724
a 8 46 332
a 46 8 332
a 8 48 573
a 48 8 573
a 8 50 465
a 50 8 465
a 8 52 675
a 52 8 675
a 8 53 625
a 53 8 625
a 8 54 543
a 54 8 543
a 8 55 335
a 55 8 335
a 8 56 764
a 56 8 764
a 8 57 221
a 57 8 221
a 8 58 848
a 58 8 848
a 8 59 100
a 59 8 100
a 8 60 347
a 60 8 347
a 8 61 462
a 61 8 462
a 8 62 962
a 62 8 962
a 8 66 393
a 66 8 393
a 8 68 176
a 68 8 176
a 8 69 397
a 69 8 397
a 8 70 473
a 70 8 473
a 8 71 743
a 71 8 743
a 8 72 906
a 72 8 906
a 8 73 478
a 73 8 478
a 8 74 133
a 74 8 133
a 8 75 301
a 75 8 301
a 8 76 645
a 76 8 645
a 8 77 703
a 77 8 703
a 8 78 661
a 78 8 661
a 8 79 476
a 79 8 476
a 8 80 747
a 80 8 747
a 8 81 433
a 81 8 433
a 8 82 599
a 82 8 599
a 8 83 779
a 83 8 779
a 8 84 876
a 84 8 876
a 8 85 270
a 85 8 270
a 8 86 746
a 86 8 746
a 8 87 545
a 87 8 545
a 8 88 906
a 88 8 906
a 8 89 276
a 89 8 276
a 8 90 353
a 90 8 353
a 8 91 259
a 91 8 259
a 8 92 813
a 92 8 813
a 8 93 944
a 93 8 944
a 8 94 639
a 94 8 639
a 8 95 503
a 95 8 503
a 8 96 779
a 96 8 779
a 8 97 264
a 97 8 264
a 8 98 371
a 98 8 371
a 8 99 566
a 99 8 566
a 8 100 121
a 100 8 121
a 9 10 659
a 10 9 659
a 9 11 847
a 11 9 847
a 9 12 367
a 12 9 367
a 9 16 632
a 16 9 632
a 9 17 871
a 17 9 871
a 9 19 294
a 19 9 294
a 9 21 206
a 21 9 206
a 9 22 988
a 22 9 988
a 9 23 450
a 23 9 450
a 9 24 537
a 24 9 537
a 9 25 466
a 25 9 466
a 9 29 545
a 29 9 545
a 9 30 135
a 30 9 135
a 9 32 195
a 32 9 195
a 9 33 907
a 33 9 907
a 9 36 798
a 36 9 798
a 9 37 491
a 37 9 491
a 9 38 966
a 38 9 966
a 9 39 777
a 39 9 777
a 9 40 810
a 40 9 810
a 9 41 157
a 41 9 157
a 9 42 679
a 42 9 679
a 9 43 532
a 43 9 532
a 9 45 387
a 45 9 387
a 9 46 719
a 46 9 719
a 9 47 550
a 47 9 550
a 9 48 989
a 48 9 989
a 9 49 723
a 49 9 723
a 9 50 821
a 50 9 821
a 9 51 843
a 51 9 843
a 9 52 519
a 52 9 519
a 9 54 615
a 54 9 615
a 9 55 258
a 55 9 258
a 9 56 739
a 56 9 739
a 9 57 235
a 57 9 235
a 9 58 282
a 58 9 282
a 9 59 294
a 59 9 294
a 9 60 233
a 60 9 233
a 9 61 688
a 61 9 688
a 9 62 619
a 62 9 619
a 9 63 489
a 63 9 489
a 9 65 943
a 65 9 943
a 9 66 358
a 66 9 358
a 9 67 449
a 67 9 449
a 9 69 750
a 69 9 750
a 9 70 564
a 70 9 564
a 9 71 653
a 71 9 653
a 9 72 807
a 72 9 807
a 9 73 363
a 73 9 363
a 9 74 272
a 74 9 272
a 9 76 861
a 76 9 861
a 9 77 572
a 77 9 572
a 9 78 452
a 78 9 452
a 9 79 472
a 79 9 472
a 9 80 968
a 80 9 968
a 9 81 142
a 81 9 142
a 9 82 879
a 82 9 879
a 9 83 367
a 83 9 367
a 9 84 657
a 84 9 657
a 9 85 785
a 85 9 785
a 9 86 889
a 86 9 889
a 9 87 628
a 87 9 628
a 9 88 427
a 88 9 427
a 9 89 397
a 89 9 397
a 9 90 585
a 90 9 585
a 9 91 944
a 91 9 944
a 9 92 126
a 92 9 126
a 9 93 142
a 93 9 142
a 9 94 323
a 94 9 323
a 9 95 662
a 95 9 662
a 9 96 255
a 96 9 255
a 9 97 950
a 97 9 950
a 9 98 942
a 98 9 942
a 9 99 680
a 99 9 680
a 9 100 895
a 100 9 895
a 10 11 757
a 11 10 757
a 10 12 557
a 12 10 557
a 10 15 253
a 15 10 253
a 10 16 138
a 16 10 138
a 10 17 422
a 17 10 422
a 10 18 559
a 18 10 559
a 10 19 578
a 19 10 578
a 10 20 222
a 20 10 222
a 10 21 978
a 21 10 978
a 10 22 756
a 22 10 756
a 10 24 708
a 24 10 708
a 10 25 255
a 25 10 255
a 10 26 808
a 26 10 808
a 10 28 357
a 28 10 357
a 10 29 344
a 29 10 344
a 10 32 229
a 32 10 229
a 10 33 581
a 33 10 581
a 10 34 776
a 34 10 776
a 10 35 563
a 35 10 563
a 10 36 678
a 36 10 678
a 10 37 526
a 37 10 526
a 10 40 899
a 40 10 899
a 10 41 111
a 41 10 111
a 10 42 252
a 42 10 252
a 10 43 295
a 43 10 295
a 10 44 924
a 44 10 924
a 10 45 190
a 45 10 190
a 10 46 947
a 46 10 947
a 10 49 571
a 49 10 571
a 10 50 792
a 50 10 792
a 10 53 974
a 53 10 974
a 10 54 322
a 54 10 322
a 10 55 898
a 55 10 898
a 10 56 468
a 56 10 468
a 10 60 244
a 60 10 244
a 10 61 791
a 61 10 791
a 10 62 321
a 62 10 321
a 10 64 740
a 64 10 740
a 10 65 293
a 65 10 293
a 10 66 295
a 66 10 295
a 10 67 521
a 67 10 521
a 10 68 198
a 68 10 198
a 10 69 467
a 69 10 467
a 10 70 554
a 70 10 554
a 10 72 885
a 72 10 885
a 10 73 932
a 73 10 932
a 10 74 918
a 74 10 918
a 10 75 411
a 75 10 411
a 10 76 796
a 76 10 796
a 10 77 967
a 77 10 967
a 10 78 501
a 78 10 501
a 10 79 350
a 79 10 350
a 10 80 577
a 80 10 577
a 10 81 941
a 81 10 941
a 10 82 929
a 82 10 929
a 10 83 728
a 83 10 728
a 10 85 640
a 85 10 640
a 10 86 371
a 86 10 371
a 10 87 555
a 87 10 555
a 10 88 186
a 88 10 186
a 10 89 569
a 89 10 569
a 10 90 198
a 90 10 198
a 10 91 632
a 91 10 632
a 10 92 412
a 92 10 412
a 10 93 329
a 93 10 329
a 10 94 186
a 94 10 186
a 10 95 934
a 95 10 934
a 10 96 933
a 96 10 933
a 10 97 182
a 97 10 182
a 10 98 682
a 98 10 682
a 10 99 503
a 99 10 503
a 10 100 595
a 100 10 595
a 11 12 291
a 12 11 291
a 11 13 294
a 13 11 294
a 11 14 932
a 14 11 932
a 11 15 747
a 15 11 747
a 11 17 244
a 17 11 244
a 11 18 572
a 18 11 572
a 11 19 528
a 19 11 528
a 11 22 395
a 22 11 395
a 11 25 751
a 25 11 751
a 11 27 992
a 27 11 992
a 11 28 484
a 28 11 484
a 11 29 707
a 29 11 707
a 11 30 600
a 30 11 600
a 11 31 902
a 31 11 902
a 11 33 725
a 33 11 725
a 11 35 526
a 35 11 526
a 11 37 276
a 37 11 276
a 11 39 424
a 39 11 424
a 11 41 344
a 41 11 344
a 11 42 627
a 42 11 627
a 11 43 158
a 43 11 158
a 11 44 237
a 44 11 237
a 11 45 378
a 45 11 378
a 11 46 798
a 46 11 798
a 11 47 796
a 47 11 796
a 11 48 563
a 48 11 563
a 11 49 193
a 49 11 193
a 11 50 980
a 50 11 980
a 11 51 971
a 51 11 971
a 11 52 817
a 52 11 817
a 11 53 134
a 53 11 134
a 11 54 204
a 54 11 204
a 11 55 210
a 55 11 210
a 11 56 539
a 56 11 539
a 11 57 564
a 57 11 564
a 11 58 953
a 58 11 953
a 11 59 516
a 59 11 516
a 11 60 354
a 60 11 354
a 11 63 565
a 63 11 565
a 11 64 211
a 64 11 211
a 11 65 298
a 65 11 298
a 11 67 192
a 67 11 192
a 11 68 312
a 68 11 312
a 11 70 694
a 70 11 694
a 11 71 462
a 71 11 462
a 11 72 950
a 72 11 950
a 11 73 474
a 73 11 474
a 11 74 238
a 74 11 238
a 11 75 690
a 75 11 690
a 11 76 303
a 76 11 303
a 11 77 791
a 77 11 791
a 11 78 582
a 78 11 582
a 11 79 493
a 79 11 493
a 11 80 741
a 80 11 741
a 11 81 398
a 81 11 398
a 11 82 233
a 82 11 233
a 11 83 813
a 83 11 813
a 11 85 540
a 85 11 540
a 11 86 507
a 86 11 507
a 11 87 788
a 87 11 788
a 11 88 787
a 88 11 787
a 11 89 969
a 89 11 969
a 11 90 520
a 90 11 520
a 11 91 384
a 91 11 384
a 11 92 181
a 92 11 181
a 11 93 223
a 93 11 223
a 11 94 554
a 94 11 554
a 11 95 272
a 95 11 272
a 11 96 524
a 96 11 524
a 11 97 738
a 97 11 738
a 11 98 463
a 98 11 463
a 11 99 725
a 99 11 725
a 11 100 384
a 100 11 384
a 12 13 465
a 13 12 465
a 12 14 263
a 14 12 263
a 12 15 180
a 15 12 180
a 12 16 567
a 16 12 567
a 12 18 466
a 18 12 466
a 12 19 563
a 19 12 563
a 12 20 770
a 20 12 770
a 12 22 569
a 22 12 569
a 12 23 567
a 23 12 567
a 12 24 827
a 24 12 827
a 12 25 414
a 25 12 414
a 12 27 107
a 27 12 107
a 12 28 678
a 28 12 678
a 12 29 600
a 29 12 600
a 12 30 624
a 30 12 624
a 12 32 811
a 32 12 811
a 12 33 505
a 33 12 505
a 12 34 924
a 34 12 924
a 12 35 500
a 35 12 500
a 12 36 449
a 36 12 449
a 12 37 421
a 37 12 421
a 12 38 460
a 38 12 460
a 12 39 957
a 39 12 957
a 12 40 833
a 40 12 833
a 12 42 410
a 42 12 410
a 12 43 114
a 43 12 114
a 12 44 377
a 44 12 377
a 12 45 280
a 45 12 280
a 12 46 936
a 46 12 936
a 12 47 694
a 47 12 694
a 12 48 375
a 48 12 375
a 12 49 137
a 49 12 137
a 12 50 354
a 50 12 354
a 12 52 480
a 52 12 480
a 12 53 319
a 53 12 319
a 12 54 873
a 54 12 873
a 12 55 359
a 55 12 359
a 12 56 178
a 56 12 178
a 12 57 979
a 57 12 979
a 12 58 570
a 58 12 570
a 12 59 493
a 59 12 493
a 12 60 449
a 60 12 449
a 12 61 684
a 61 12 684
a 12 62 843
a 62 12 843
a 12 63 219
a 63 12 219
a 12 64 947
a 64 12 947
a 12 65 966
a 65 12 966
a 12 66 938
a 66 12 938
a 12 69 356
a 69 12 356
a 12 70 241
a 70 12 241
a 12 71 230
a 71 12 230
a 12 72 703
a 72 12 703
a 12 74 851
a 74 12 851
a 12 75 385
a 75 12 385
a 12 76 694
a 76 12 694
a 12 77 755
a 77 12 755
a 12 78 398
a 78 12 398
a 12 79 287
a 79 12 287
a 12 80 511
a 80 12 511
a 12 81 493
a 81 12 493
a 12 82 772
a 82 12 772
a 12 83 524
a 83 12 524
a 12 84 715
a 84 12 715
a 12 85 154
a 85 12 154
a 12 86 280
a 86 12 280
a 12 87 794
a 87 12 794
a 12 88 744
a 88 12 744
a 12 89 700
a 89 12 700
a 12 90 118
a 90 12 118
a 12 91 148
a 91 12 148
a 12 92 822
a 92 12 822
a 12 93 178
a 93 12 178
a 12 94 498
a 94 12 498
a 12 95 435
a 95 12 435
a 12 96 319
a 96 12 319
a 12 97 568
a 97 12 568
a 12 98 347
a 98 12 347
a 12 99 266
a 99 12 266
a 12 100 714
a 100 12 714
a 13 14 979
a 14 13 979
a 13 16 864
a 16 13 864
a 13 17 967
a 17 13 967
a 13 19 654
a 19 13 654
a 13 20 398
a 20 13 398
a 13 21 661
a 21 13 661
a 13 22 209
a 22 13 209
a 13 23 687
a 23 13 687
a 13 24 474
a 24 13 474
a 13 25 374
a 25 13 374
a 13 26 710
a 26 13 710
a 13 28 814
a 28 13 814
a 13 30 248
a 30 13 248
a 13 31 976
a 31 13 976
a 13 32 575
a 32 13 575
a 13 34 501
a 34 13 501
a 13 35 145
a 35 13 145
a 13 37 729
a 37 13 729
a 13 38 113
a 38 13 113
a 13 39 168
a 39 13 168
a 13 40 937
a 40 13 937
a 13 41 697
a 41 13 697
a 13 42 104
a 42 13 104
a 13 43 654
a 43 13 654
a 13 44 630
a 44 13 630
a 13 45 206
a 45 13 206
a 13 46 740
a 46 13 740
a 13 49 283
a 49 13 283
a 13 50 154
a 50 13 154
a 13 51 769
a 51 13 769
a 13 53 859
a 53 13 859
a 13 54 457
a 54 13 457
a 13 56 688
a 56 13 688
a 13 57 436
a 57 13 436
a 13 58 782
a 58 13 782
a 13 59 890
a 59 13 890
a 13 60 992
a 60 13 992
a 13 61 361
a 61 13 361
a 13 62 884
a 62 13 884
a 13 63 932
a 63 13 932
a 13 65 572
a 65 13 572
a 13 66 302
a 66 13 302
a 13 67 210
a 67 13 210
a 13 69 687
a 69 13 687
a 13 70 861
a 70 13 861
a 13 71 714
a 71 13 714
a 13 72 279
a 72 13 279
a 13 73 321
a 73 13 321
a 13 74 766
a 74 13 766
a 13 75 295
a 75 13 295
a 13 76 141
a 76 13 141
a 13 77 398
a 77 13 398
a 13 78 572
a 78 13 572
a 13 80 654
a 80 13 654
a 13 81 413
a 81 13 413
a 13 82 299
a 82 13 299
a 13 83 647
a 83 13 647
a 13 84 642
a 84 13 642
a 13 85 809
a 85 13 809
a 13 86 458
a 86 13 458
a 13 87 847
a 87 13 847
a 13 88 516
a 88 13 516
a 13 89 369
a 89 13 369
a 13 90 939
a 90 13 939
a 13 91 849
a 91 13 849
a 13 92 222
a 92 13 222
a 13 93 769
a 93 13 769
a 13 94 554
a 94 13 554
a 13 95 218
a 95 13 218
a 13 96 218
a 96 13 218
a 13 97 575
a 97 13 575
a 13 98 814
a 98 13 814
a 13 99 891
a 99 13 891
a 13 100 683
a 100 13 683
a 14 15 320
a 15 14 320
a 14 17 917
a 17 14 917
a 14 18 375
a 18 14 375
a 14 19 407
a 19 14 407
a 14 20 391
a 20 14 391
a 14 21 420
a 21 14 420
a 14 22 266
a 22 14 266
a 14 23 917
a 23 14 917
a 14 24 244
a 24 14 244
a 14 25 324
a 25 14 324
a 14 26 989
a 26 14 989
a 14 27 614
a 27 14 614
a 14 30 729
a 30 14 729
a 14 32 522
a 32 14 522
a 14 36 288
a 36 14 288
a 14 37 167
a 37 14 167
a 14 38 583
a 38 14 583
a 14 39 109
a 39 14 109
a 14 40 299
a 40 14 299
a 14 41 184
a 41 14 184
a 14 43 890
a 43 14 890
a 14 44 630
a 44 14 630
a 14 45 710
a 45 14 710
a 14 46 430
a 46 14 430
a 14 47 834
a 47 14 834
a 14 48 630
a 48 14 630
a 14 49 139
a 49 14 139
a 14 50 784
a 50 14 784
a 14 51 237
a 51 14 237
a 14 52 943
a 52 14 943
a 14 53 339
a 53 14 339
a 14 54 222
a 54 14 222
a 14 55 819
a 55 14 819
a 14 56 378
a 56 14 378
a 14 59 595
a 59 14 595
a 14 60 427
a 60 14 427
a 14 61 217
a 61 14 217
a 14 63 127
a 63 14 127
a 14 64 110
a 64 14 110
a 14 65 107
a 65 14 107
a 14 66 302
a 66 14 302
a 14 67 350
a 67 14 350
a 14 68 649
a 68 14 649
a 14 69 600
a 69 14 600
a 14 70 196
a 70 14 196
a 14 71 129
a 71 14 129
a 14 72 870
a 72 14 870
a 14 73 387
a 73 14 387
a 14 74 219
a 74 14 219
a 14 75 582
a 75 14 582
a 14 76 614
a 76 14 614
a 14 79 148
a 79 14 148
a 14 80 843
a 80 14 843
a 14 81 605
a 81 14 605
a 14 82 501
a 82 14 501
a 14 83 774
a 83 14 774
a 14 84 735
a 84 14 735
a 14 85 342
a 85 14 342
a 14 86 183
a 86 14 183
a 14 87 963
a 87 14 963
a 14 88 882
a 88 14 882
a 14 89 640
a 89 14 640
a 14 90 967
a 90 14 967
a 14 91 500
a 91 14 500
a 14 92 409
a 92 14 409
a 14 93 428
a 93 14 428
a 14 94 220
a 94 14 220
a 14 95 533
a 95 14 533
a 14 96 631
a 96 14 631
a 14 97 945
a 97 14 945
a 14 98 757
a 98 14 757
a 14 99 728
a 99 14 728
a 14 100 838
a 100 14 838
a 15 16 694
a 16 15 694
a 15 18 560
a 18 15 560
a 15 19 839
a 19 15 839
a 15 20 574
a 20 15 574
a 15 21 670
a 21 15 670
a 15 22 567
a 22 15 567
a 15 23 675
a 23 15 675
a 15 24 643
a 24 15 643
a 15 25 489
a 25 15 489
a 15 27 117
a 27 15 117
a 15 28 977
a 28 15 977
a 15 30 894
a 30 15 894
a 15 31 782
a 31 15 782
a 15 32 677
a 32 15 677
a 15 33 599
a 33 15 599
a 15 34 734
a 34 15 734
a 15 38 863
a 38 15 863
a 15 40 890
a 40 15 890
a 15 42 625
a 42 15 625
a 15 43 701
a 43 15 701
a 15 44 290
a 44 15 290
a 15 45 998
a 45 15 998
a 15 46 661
a 46 15 661
a 15 47 658
a 47 15 658
a 15 48 918
a 48 15 918
a 15 49 166
a 49 15 166
a 15 51 608
a 51 15 608
a 15 52 226
a 52 15 226
a 15 53 524
a 53 15 524
a 15 54 717
a 54 15 717
a 15 55 864
a 55 15 864
a 15 56 953
a 56 15 953
a 15 57 788
a 57 15 788
a 15 58 324
a 58 15 324
a 15 60 266
a 60 15 266
a 15 61 876
a 61 15 876
a 15 63 898
a 63 15 898
a 15 64 327
a 64 15 327
a 15 65 357
a 65 15 357
a 15 66 574
a 66 15 574
a 15 67 867
a 67 15 867
a 15 68 172
a 68 15 172
a 15 69 404
a 69 15 404
a 15 71 401
a 71 15 401
a 15 72 962
a 72 15 962
a 15 73 655
a 73 15 655
a 15 74 383
a 74 15 383
a 15 75 252
a 75 15 252
a 15 76 902
a 76 15 902
a 15 77 183
a 77 15 183
a 15 78 532
a 78 15 532
a 15 80 144
a 80 15 144
a 15 81 442
a 81 15 442
a 15 82 342
a 82 15 342
a 15 83 237
a 83 15 237
a 15 84 570
a 84 15 570
a 15 85 153
a 85 15 153
a 15 87 844
a 87 15 844
a 15 88 220
a 88 15 220
a 15 89 197
a 89 15 197
a 15 90 609
a 90 15 609
a 15 91 803
a 91 15 803
a 15 92 554
a 92 15 554
a 15 93 701
a 93 15 701
a 15 94 844
a 94 15 844
a 15 95 100
a 95 15 100
a 15 96 283
a 96 15 283
a 15 97 475
a 97 15 475
a 15 98 779
a 98 15 779
a 15 99 219
a 99 15 219
a 15 100 428
a 100 15 428
a 16 18 890
a 18 16 890
a 16 19 344
a 19 16 344
a 16 20 803
a 20 16 803
a 16 21 177
a 21 16 177
a 16 23 764
a 23 16 764
a 16 24 669
a 24 16 669
a 16 25 379
a 25 16 379
a 16 26 710
a 26 16 710
a 16 27 387
a 27 16 387
a 16 29 305
a 29 16 305
a 16 30 748
a 30 16 748
a 16 32 688
a 32 16 688
a 16 33 695
a 33 16 695
a 16 34 711
a 34 16 711
a 16 35 470
a 35 16 470
a 16 37 878
a 37 16 878
a 16 39 392
a 39 16 392
a 16 40 299
a 40 16 299
a 16 41 976
a 41 16 976
a 16 42 318
a 42 16 318
a 16 43 521
a 43 16 521
a 16 44 675
a 44 16 675
a 16 45 364
a 45 16 364
a 16 46 208
a 46 16 208
a 16 47 181
a 47 16 181
a 16 48 536
a 48 16 536
a 16 49 197
a 49 16 197
a 16 50 874
a 50 16 874
a 16 51 905
a 51 16 905
a 16 52 271
a 52 16 271
a 16 53 825
a 53 16 825
a 16 55 914
a 55 16 914
a 16 57 806
a 57 16 806
a 16 58 932
a 58 16 932
a 16 60 686
a 60 16 686
a 16 61 186
a 61 16 186
a 16 62 329
a 62 16 329
a 16 63 867
a 63 16 867
a 16 64 357
a 64 16 357
a 16 66 469
a 66 16 469
a 16 67 931
a 67 16 931
a 16 68 300
a 68 16 300
a 16 69 982
a 69 16 982
a 16 70 782
a 70 16 782
a 16 71 126
a 71 16 126
a 16 72 306
a 72 16 306
a 16 73 869
a 73 16 869
a 16 75 344
a 75 16 344
a 16 76 461
a 76 16 461
a 16 77 131
a 77 16 131
a 16 78 918
a 78 16 918
a 16 79 849
a 79 16 849
a 16 80 671
a 80 16 671
a 16 81 606
a 81 16 606
a 16 82 966
a 82 16 966
a 16 83 139
a 83 16 139
a 16 84 599
a 84 16 599
a 16 85 345
a 85 16 345
a 16 86 439
a 86 16 439
a 16 87 678
a 87 16 678
a 16 88 219
a 88 16 219
a 16 89 592
a 89 16 592
a 16 90 954
a 90 16 954
a 16 91 665
a 91 16 665
a 16 92 476
a 92 16 476
a 16 93 871
a 93 16 871
a 16 94 649
a 94 16 649
a 16 95 839
a 95 16 839
a 16 96 436
a 96 16 436
a 16 97 555
a 97 16 555
a 16 98 932
a 98 16 932
a 16 99 369
a 99 16 369
a 16 100 959
a 100 16 959
a 17 18 494
a 18 17 494
a 17 19 510
a 19 17 510
a 17 20 231
a 20 17 231
a 17 21 883
a 21 17 883
a 17 22 428
a 22 17 428
a 17 23 531
a 23 17 531
a 17 24 488
a 24 17 488
a 17 26 812
a 26 17 812
a 17 27 810
a 27 17 810
a 17 28 633
a 28 17 633
a 17 29 604
a 29 17 604
a 17 30 588
a 30 17 588
a 17 31 113
a 31 17 113
a 17 32 241
a 32 17 241
a 17 33 761
a 33 17 761
a 17 34 844
a 34 17 844
a 17 35 400
a 35 17 400
a 17 36 161
a 36 17 161
a 17 37 314
a 37 17 314
a 17 38 835
a 38 17 835
a 17 40 242
a 40 17 242
a 17 42 357
a 42 17 357
a 17 45 854
a 45 17 854
a 17 46 467
a 46 17 467
a 17 47 179
a 47 17 179
a 17 48 532
a 48 17 532
a 17 49 106
a 49 17 106
a 17 50 464
a 50 17 464
a 17 51 207
a 51 17 207
a 17 53 735
a 53 17 735
a 17 54 700
a 54 17 700
a 17 56 197
a 56 17 197
a 17 57 610
a 57 17 610
a 17 58 266
a 58 17 266
a 17 59 327
a 59 17 327
a 17 60 298
a 60 17 298
a 17 61 483
a 61 17 483
a 17 62 593
a 62 17 593
a 17 63 637
a 63 17 637
a 17 64 372
a 64 17 372
a 17 65 618
a 65 17 618
a 17 66 913
a 66 17 913
a 17 67 580
a 67 17 580
a 17 68 501
a 68 17 501
a 17 69 849
a 69 17 849
a 17 70 930
a 70 17 930
a 17 72 207
a 72 17 207
a 17 73 598
a 73 17 598
a 17 74 329
a 74 17 329
a 17 75 116
a 75 17 116
a 17 77 802
a 77 17 802
a 17 78 138
a 78 17 138
a 17 79 224
a 79 17 224
a 17 80 951
a 80 17 951
a 17 81 729
a 81 17 729
a 17 82 502
a 82 17 502
a 17 83 296
a 83 17 296
a 17 84 571
a 84 17 571
a 17 85 647
a 85 17 647
a 17 87 678
a 87 17 678
a 17 88 269
a 88 17 269
a 17 89 733
a 89 17 733
a 17 90 692
a 90 17 692
a 17 91 365
a 91 17 365
a 17 92 475
a 92 17 475
a 17 93 447
a 93 17 447
a 17 94 842
a 94 17 842
a 17 95 109
a 95 17 109
a 17 96 255
a 96 17 255
a 17 97 266
a 97 17 266
a 17 98 149
a 98 17 149
a 17 99 494
a 99 17 494
a 17 100 281
a 100 17 281
a 18 19 628
a 19 18 628
a 18 20 557
a 20 18 557
a 18 21 394
a 21 18 394
a 18 22 879
a 22 18 879
a 18 23 447
a 23 18 447
a 18 24 357
a 24 18 357
a 18 25 801
a 25 18 801
a 18 26 373
a 26 18 373
a 18 28 480
a 28 18 480
a 18 29 191
a 29 18 191
a 18 31 656
a 31 18 656
a 18 32 433
a 32 18 433
a 18 33 1000
a 33 18 1000
a 18 35 985
a 35 18 985
a 18 36 858
a 36 18 858
a 18 38 575
a 38 18 575
a 18 39 335
a 39 18 335
a 18 41 787
a 41 18 787
a 18 42 988
a 42 18 988
a 18 43 712
a 43 18 712
a 18 45 853
a 45 18 853
a 18 46 368
a 46 18 368
a 18 47 693
a 47 18 693
a 18 49 501
a 49 18 501
a 18 51 708
a 51 18 708
a 18 53 595
a 53 18 595
a 18 54 826
a 54 18 826
a 18 55 932
a 55 18 932
a 18 56 603
a 56 18 603
a 18 57 776
a 57 18 776
a 18 59 538
a 59 18 538
a 18 60 357
a 60 18 357
a 18 63 692
a 63 18 692
a 18 65 579
a 65 18 579
a 18 68 275
a 68 18 275
a 18 69 983
a 69 18 983
a 18 70 601
a 70 18 601
a 18 71 577
a 71 18 577
a 18 73 516
a 73 18 516
a 18 74 784
a 74 18 784
a 18 75 718
a 75 18 718
a 18 76 657
a 76 18 657
a 18 78 678
a 78 18 678
a 18 79 970
a 79 18 970
a 18 80 338
a 80 18 338
a 18 82 389
a 82 18 389
a 18 83 562
a 83 18 562
a 18 84 112
a 84 18 112
a 18 85 614
a 85 18 614
a 18 86 975
a 86 18 975
a 18 87 400
a 87 18 400
a 18 88 569
a 88 18 569
a 18 89 708
a 89 18 708
a 18 90 709
a 90 18 709
a 18 91 402
a 91 18 402
a 18 92 632
a 92 18 632
a 18 93 618
a 93 18 618
a 18 94 783
a 94 18 783
a 18 95 391
a 95 18 391
a 18 96 963
a 96 18 963
a 18 97 184
a 97 18 184
a 18 98 191
a 98 18 191
a 18 99 369
a 99 18 369
a 18 100 614
a 100 18 614
a 19 21 419
a 21 19 419
a 19 23 535
a 23 19 535
a 19 25 441
a 25 19 441
a 19 26 202
a 26 19 202
a 19 27 853
a 27 19 853
a 19 29 797
a 29 19 797
a 19 31 976
a 31 19 976
a 19 32 389
a 32 19 389
a 19 33 275
a 33 19 275
a 19 34 838
a 34 19 838
a 19 35 527
a 35 19 527
a 19 36 839
a 36 19 839
a 19 37 347
a 37 19 347
a 19 38 851
a 38 19 851
a 19 39 525
a 39 19 525
a 19 40 795
a 40 19 795
a 19 41 531
a 41 19 531
a 19 42 145
a 42 19 145
a 19 43 427
a 43 19 427
a 19 44 313
a 44 19 313
a 19 46 440
a 46 19 440
a 19 47 379
a 47 19 379
a 19 48 278
a 48 19 278
a 19 49 491
a 49 19 491
a 19 50 438
a 50 19 438
a 19 51 739
a 51 19 739
a 19 52 221
a 52 19 221
a 19 53 737
a 53 19 737
a 19 54 264
a 54 19 264
a 19 55 829
a 55 19 829
a 19 56 301
a 56 19 301
a 19 57 346
a 57 19 346
a 19 58 442
a 58 19 442
a 19 59 717
a 59 19 717
a 19 60 586
a 60 19 586
a 19 61 973
a 61 19 973
a 19 65 520
a 65 19 520
a 19 66 279
a 66 19 279
a 19 67 379
a 67 19 379
a 19 69 692
a 69 19 692
a 19 71 477
a 71 19 477
a 19 73 578
a 73 19 578
a 19 74 109
a 74 19 109
a 19 75 438
a 75 19 438
a 19 76 396
a 76 19 396
a 19 77 448
a 77 19 448
a 19 78 368
a 78 19 368
a 19 79 239
a 79 19 239
a 19 80 342
a 80 19 342
a 19 81 952
a 81 19 952
a 19 82 593
a 82 19 593
a 19 83 349
a 83 19 349
a 19 84 712
a 84 19 712
a 19 85 600
a 85 19 600
a 19 86 899
a 86 19 899
a 19 87 716
a 87 19 716
a 19 88 367
a 88 19 367
a 19 89 774
a 89 19 774
a 19 90 949
a 90 19 949
a 19 91 258
a 91 19 258
a 19 92 843
a 92 19 843
a 19 93 887
a 93 19 887
a 19 94 784
a 94 19 784
a 19 95 187
a 95 19 187
a 19 96 902
a 96 19 902
a 19 97 595
a 97 19 595
a 19 98 723
a 98 19 723
a 19 99 659
a 99 19 659
a 19 100 591
a 100 19 591
a 20 21 242
a 21 20 242
a 20 22 332
a 22 20 332
a 20 23 690
a 23 20 690
a 20 24 634
a 24 20 634
a 20 25 523
a 25 20 523
a 20 26 592
a 26 20 592
a 20 27 233
a 27 20 233
a 20 28 561
a 28 20 561
a 20 29 573
a 29 20 573
a 20 30 569
a 30 20 569
a 20 31 852
a 31 20 852
a 20 33 343
a 33 20 343
a 20 35 791
a 35 20 791
a 20 36 937
a 36 20 937
a 20 41 382
a 41 20 382
a 20 42 832
a 42 20 832
a 20 44 705
a 44 20 705
a 20 45 102
a 45 20 102
a 20 46 145
a 46 20 145
a 20 47 311
a 47 20 311
a 20 48 865
a 48 20 865
a 20 49 126
a 49 20 126
a 20 50 598
a 50 20 598
a 20 51 658
a 51 20 658
a 20 52 133
a 52 20 133
a 20 53 186
a 53 20 186
a 20 54 307
a 54 20 307
a 20 55 635
a 55 20 635
a 20 56 610
a 56 20 610
a 20 57 882
a 57 20 882
a 20 58 142
a 58 20 142
a 20 59 159
a 59 20 159
a 20 60 736
a 60 20 736
a 20 63 616
a 63 20 616
a 20 64 248
a 64 20 248
a 20 65 330
a 65 20 330
a 20 67 189
a 67 20 189
a 20 68 467
a 68 20 467
a 20 69 172
a 69 20 172
a 20 70 510
a 70 20 510
a 20 71 475
a 71 20 475
a 20 72 905
a 72 20 905
a 20 73 109
a 73 20 109
a 20 74 865
a 74 20 865
a 20 75 923
a 75 20 923
a 20 76 405
a 76 20 405
a 20 77 986
a 77 20 986
a 20 78 783
a 78 20 783
a 20 79 721
a 79 20 721
a 20 81 739
a 81 20 739
a 20 82 622
a 82 20 622
a 20 83 343
a 83 20 343
a 20 84 397
a 84 20 397
a 20 85 549
a 85 20 549
a 20 86 513
a 86 20 513
a 20 87 656
a 87 20 656
a 20 88 659
a 88 20 659
a 20 89 595
a 89 20 595
a 20 90 375
a 90 20 375
a 20 91 282
a 91 20 282
a 20 92 285
a 92 20 285
a 20 93 266
a 93 20 266
a 20 94 575
a 94 20 575
a 20 95 486
a 95 20 486
a 20 96 132
a 96 20 132
a 20 97 432
a 97 20 432
a 20 98 903
a 98 20 903
a 20 99 811
a 99 20 811
a 20 100 674
a 100 20 674
a 21 22 751
a 22 21 751
a 21 23 124
a 23 21 124
a 21 24 290
a 24 21 290
a 21 26 109
a 26 21 109
a 21 27 703
a 27 21 703
a 21 28 194
a 28 21 194
a 21 29 251
a 29 21 251
a 21 32 551
a 32 21 551
a 21 33 260
a 33 21 260
a 21 34 1000
a 34 21 1000
a 21 35 580
a 35 21 580
a 21 36 190
a 36 21 190
a 21 37 298
a 37 21 298
a 21 39 945
a 39 21 945
a 21 40 510
a 40 21 510
a 21 41 639
a 41 21 639
a 21 42 194
a 42 21 194
a 21 43 995
a 43 21 995
a 21 44 163
a 44 21 163
a 21 45 928
a 45 21 928
a 21 46 148
a 46 21 148
a 21 48 230
a 48 21 230
a 21 49 170
a 49 21 170
a 21 51 909
a 51 21 909
a 21 52 385
a 52 21 385
a 21 53 313
a 53 21 313
a 21 54 495
a 54 21 495
a 21 56 523
a 56 21 523
a 21 57 958
a 57 21 958
a 21 58 968
a 58 21 968
a 21 59 298
a 59 21 298
a 21 60 478
a 60 21 478
a 21 62 904
a 62 21 904
a 21 63 712
a 63 21 712
a 21 64 679
a 64 21 679
a 21 65 837
a 65 21 837
a 21 67 263
a 67 21 263
a 21 68 437
a 68 21 437
a 21 69 319
a 69 21 319
a 21 70 752
a 70 21 752
a 21 71 586
a 71 21 586
a 21 72 699
a 72 21 699
a 21 73 669
a 73 21 669
a 21 74 324
a 74 21 324
a 21 75 218
a 75 21 218
a 21 76 344
a 76 21 344
a 21 77 661
a 77 21 661
a 21 78 715
a 78 21 715
a 21 79 694
a 79 21 694
a 21 80 668
a 80 21 668
a 21 81 217
a 81 21 217
a 21 82 826
a 82 21 826
a 21 83 967
a 83 21 967
a 21 84 921
a 84 21 921
a 21 85 198
a 85 21 198
a 21 86 989
a 86 21 989
a 21 87 353
a 87 21 353
a 21 88 942
a 88 21 942
a 21 89 742
a 89 21 742
a 21 90 220
a 90 21 220
a 21 91 340
a 91 21 340
a 21 92 767
a 92 21 767
a 21 93 113
a 93 21 113
a 21 94 642
a 94 21 642
a 21 95 412
a 95 21 412
a 21 96 265
a 96 21 265
a 21 97 497
a 97 21 497
a 21 98 422
a 98 21 422
a 21 99 771
a 99 21 771
a 21 100 683
a 100 21 683
a 22 24 340
a 24 22 340
a 22 25 398
a 25 22 398
a 22 26 390
a 26 22 390
a 22 27 705
a 27 22 705
a 22 28 335
a 28 22 335
a 22 29 627
a 29 22 627
a 22 30 199
a 30 22 199
a 22 31 257
a 31 22 257
a 22 32 786
a 32 22 786
a 22 34 602
a 34 22 602
a 22 35 118
a 35 22 118
a 22 36 670
a 36 22 670
a 22 38 138
a 38 22 138
a 22 39 516
a 39 22 516
a 22 40 341
a 40 22 341
a 22 41 854
a 41 22 854
a 22 42 114
a 42 22 114
a 22 43 506
a 43 22 506
a 22 44 686
a 44 22 686
a 22 45 835
a 45 22 835
a 22 46 910
a 46 22 910
a 22 47 618
a 47 22 618
a 22 48 143
a 48 22 143
a 22 49 558
a 49 22 558
a 22 52 447
a 52 22 447
a 22 53 849
a 53 22 849
a 22 54 236
a 54 22 236
a 22 56 895
a 56 22 895
a 22 58 937
a 58 22 937
a 22 59 868
a 59 22 868
a 22 60 230
a 60 22 230
a 22 62 381
a 62 22 381
a 22 63 476
a 63 22 476
a 22 65 843
a 65 22 843
a 22 66 626
a 66 22 626
a 22 67 926
a 67 22 926
a 22 70 268
a 70 22 268
a 22 71 466
a 71 22 466
a 22 72 574
a 72 22 574
a 22 73 787
a 73 22 787
a 22 74 457
a 74 22 457
a 22 75 996
a 75 22 996
a 22 76 157
a 76 22 157
a 22 77 638
a 77 22 638
a 22 78 792
a 78 22 792
a 22 79 215
a 79 22 215
a 22 80 972
a 80 22 972
a 22 81 561
a 81 22 561
a 22 82 395
a 82 22 395
a 22 83 440
a 83 22 440
a 22 84 739
a 84 22 739
a 22 85 484
a 85 22 484
a 22 86 644
a 86 22 644
a 22 87 502
a 87 22 502
a 22 88 800
a 88 22 800
a 22 89 345
a 89 22 345
a 22 90 786
a 90 22 786
a 22 91 613
a 91 22 613
a 22 92 475
a 92 22 475
a 22 93 100
a 93 22 100
a 22 94 194
a 94 22 194
a 22 95 131
a 95 22 131
a 22 96 932
a 96 22 932
a 22 97 611
a 97 22 611
a 22 98 307
a 98 22 307
a 22 99 577
a 99 22 577
a 22 100 391
a 100 22 391
a 23 24 782
a 24 23 782
a 23 25 163
a 25 23 163
a 23 26 221
a 26 23 221
a 23 28 195
a 28 23 195
a 23 30 613
a 30 23 613
a 23 31 902
a 31 23 902
a 23 32 214
a 32 23 214
a 23 34 938
a 34 23 938
a 23 35 566
a 35 23 566
a 23 36 706
a 36 23 706
a 23 37 936
a 37 23 936
a 23 38 983
a 38 23 983
a 23 39 922
a 39 23 922
a 23 40 674
a 40 23 674
a 23 42 863
a 42 23 863
a 23 43 671
a 43 23 671
a 23 44 865
a 44 23 865
a 23 46 304
a 46 23 304
a 23 47 485
a 47 23 485
a 23 50 145
a 50 23 145
a 23 51 235
a 51 23 235
a 23 52 567
a 52 23 567
a 23 53 182
a 53 23 182
a 23 54 382
a 54 23 382
a 23 56 871
a 56 23 871
a 23 57 734
a 57 23 734
a 23 58 436
a 58 23 436
a 23 59 620
a 59 23 620
a 23 60 308
a 60 23 308
a 23 62 679
a 62 23 679
a 23 63 300
a 63 23 300
a 23 64 905
a 64 23 905
a 23 65 429
a 65 23 429
a 23 66 383
a 66 23 383
a 23 67 188
a 67 23 188
a 23 68 695
a 68 23 695
a 23 69 629
a 69 23 629
a 23 70 928
a 70 23 928
a 23 71 680
a 71 23 680
a 23 72 395
a 72 23 395
a 23 75 914
a 75 23 914
a 23 76 322
a 76 23 322
a 23 77 901
a 77 23 901
a 23 78 908
a 78 23 908
a 23 79 100
a 79 23 100
a 23 80 166
a 80 23 166
a 23 81 387
a 81 23 387
a 23 82 428
a 82 23 428
a 23 83 699
a 83 23 699
a 23 84 942
a 84 23 942
a 23 85 394
a 85 23 394
a 23 86 229
a 86 23 229
a 23 87 605
a 87 23 605
a 23 88 336
a 88 23 336
a 23 89 230
a 89 23 230
a 23 90 167
a 90 23 167
a 23 91 687
a 91 23 687
a 23 92 400
a 92 23 400
a 23 93 287
a 93 23 287
a 23 94 156
a 94 23 156
a 23 95 808
a 95 23 808
a 23 96 664
a 96 23 664
a 23 97 185
a 97 23 185
a 23 98 735
a 98 23 735
a 23 99 850
a 99 23 850
a 23 100 279
a 100 23 279
a 24 25 370
a 25 24 370
a 24 26 148
a 26 24 148
a 24 27 241
a 27 24 241
a 24 28 138
a 28 24 138
a 24 30 427
a 30 24 427
a 24 31 676
a 31 24 676
a 24 32 861
a 32 24 861
a 24 33 678
a 33 24 678
a 24 34 587
a 34 24 587
a 24 35 399
a 35 24 399
a 24 36 440
a 36 24 440
a 24 38 190
a 38 24 190
a 24 39 601
a 39 24 601
a 24 40 697
a 40 24 697
a 24 41 841
a 41 24 841
a 24 42 635
a 42 24 635
a 24 43 273
a 43 24 273
a 24 44 639
a 44 24 639
a 24 45 126
a 45 24 126
a 24 46 221
a 46 24 221
a 24 47 763
a 47 24 763
a 24 48 124
a 48 24 124
a 24 49 288
a 49 24 288
a 24 50 243
a 50 24 243
a 24 51 412
a 51 24 412
a 24 52 218
a 52 24 218
a 24 53 826
a 53 24 826
a 24 54 802
a 54 24 802
a 24 55 447
a 55 24 447
a 24 56 201
a 56 24 201
a 24 58 512
a 58 24 512
a 24 59 865
a 59 24 865
a 24 60 768
a 60 24 768
a 24 61 785
a 61 24 785
a 24 62 284
a 62 24 284
a 24 63 337
a 63 24 337
a 24 64 436
a 64 24 436
a 24 66 609
