p sp 100 3298
c
a 1 3 937
a 3 1 937
a 1 16 292
a 16 1 292
a 1 20 560
a 20 1 560
a 1 22 521
a 22 1 521
a 1 23 490
a 23 1 490
a 1 27 181
a 27 1 181
a 1 29 845
a 29 1 845
a 1 32 926
a 32 1 926
a 1 35 696
a 35 1 696
a 1 39 548
a 39 1 548
a 1 41 927
a 41 1 927
a 1 42 603
a 42 1 603
a 1 47 884
a 47 1 884
a 1 48 561
a 48 1 561
a 1 49 597
a 49 1 597
a 1 51 515
a 51 1 515
a 1 52 985
a 52 1 985
a 1 57 484
a 57 1 484
a 1 60 730
a 60 1 730
a 1 61 826
a 61 1 826
a 1 68 907
a 68 1 907
a 1 69 273
a 69 1 273
a 1 75 555
a 75 1 555
a 1 76 511
a 76 1 511
a 1 77 273
a 77 1 273
a 1 78 102
a 78 1 102
a 1 81 396
a 81 1 396
a 1 85 782
a 85 1 782
a 1 88 525
a 88 1 525
a 1 93 379
a 93 1 379
a 1 95 218
a 95 1 218
a 1 96 119
a 96 1 119
a 1 99 927
a 99 1 927
a 2 3 656
a 3 2 656
a 2 5 896
a 5 2 896
a 2 7 954
a 7 2 954
a 2 8 755
a 8 2 755
a 2 16 348
a 16 2 348
a 2 23 273
a 23 2 273
a 2 27 746
a 27 2 746
a 2 29 899
a 29 2 899
a 2 31 316
a 31 2 316
a 2 36 412
a 36 2 412
a 2 38 646
a 38 2 646
a 2 39 608
a 39 2 608
a 2 46 974
a 46 2 974
a 2 48 208
a 48 2 208
a 2 52 159
a 52 2 159
a 2 54 611
a 54 2 611
a 2 55 846
a 55 2 846
a 2 56 991
a 56 2 991
a 2 57 773
a 57 2 773
a 2 60 824
a 60 2 824
a 2 63 240
a 63 2 240
a 2 66 682
a 66 2 682
a 2 67 303
a 67 2 303
a 2 68 741
a 68 2 741
a 2 69 440
a 69 2 440
a 2 78 751
a 78 2 751
a 2 83 551
a 83 2 551
a 2 86 129
a 86 2 129
a 2 90 997
a 90 2 997
a 2 97 549
a 97 2 549
a 3 4 198
a 4 3 198
a 3 5 478
a 5 3 478
a 3 6 506
a 6 3 506
a 3 12 437
a 12 3 437
a 3 19 346
a 19 3 346
a 3 25 609
a 25 3 609
a 3 26 318
a 26 3 318
a 3 28 110
a 28 3 110
a 3 29 713
a 29 3 713
a 3 32 851
a 32 3 851
a 3 33 928
a 33 3 928
a 3 34 676
a 34 3 676
a 3 35 113
a 35 3 113
a 3 37 478
a 37 3 478
a 3 47 878
a 47 3 878
a 3 58 527
a 58 3 527
a 3 59 151
a 59 3 151
a 3 60 180
a 60 3 180
a 3 63 434
a 63 3 434
a 3 64 507
a 64 3 507
a 3 65 504
a 65 3 504
a 3 67 784
a 67 3 784
a 3 71 318
a 71 3 318
a 3 72 628
a 72 3 628
a 3 73 139
a 73 3 139
a 3 79 138
a 79 3 138
a 3 84 180
a 84 3 180
a 3 86 423
a 86 3 423
a 3 88 895
a 88 3 895
a 3 89 891
a 89 3 891
a 3 91 344
a 91 3 344
a 3 93 321
a 93 3 321
a 3 97 247
a 97 3 247
a 4 8 706
a 8 4 706
a 4 16 836
a 16 4 836
a 4 17 741
a 17 4 741
a 4 23 111
a 23 4 111
a 4 24 412
a 24 4 412
a 4 25 938
a 25 4 938
a 4 26 469
a 26 4 469
a 4 28 393
a 28 4 393
a 4 29 904
a 29 4 904
a 4 33 785
a 33 4 785
a 4 37 614
a 37 4 614
a 4 40 783
a 40 4 783
a 4 41 692
a 41 4 692
a 4 51 189
a 51 4 189
a 4 53 449
a 53 4 449
a 4 66 458
a 66 4 458
a 4 67 863
a 67 4 863
a 4 68 818
a 68 4 818
a 4 76 949
a 76 4 949
a 4 77 315
a 77 4 315
a 4 80 686
a 80 4 686
a 4 86 788
a 86 4 788
a 4 90 832
a 90 4 832
a 4 92 964
a 92 4 964
a 4 93 577
a 93 4 577
a 4 97 176
a 97 4 176
a 4 99 847
a 99 4 847
a 5 10 798
a 10 5 798
a 5 16 272
a 16 5 272
a 5 18 937
a 18 5 937
a 5 22 381
a 22 5 381
a 5 24 696
a 24 5 696
a 5 25 960
a 25 5 960
a 5 27 366
a 27 5 366
a 5 30 962
a 30 5 962
a 5 33 881
a 33 5 881
a 5 36 310
a 36 5 310
a 5 37 725
a 37 5 725
a 5 40 838
a 40 5 838
a 5 43 820
a 43 5 820
a 5 48 915
a 48 5 915
a 5 52 438
a 52 5 438
a 5 54 760
a 54 5 760
a 5 55 780
a 55 5 780
a 5 56 381
a 56 5 381
a 5 62 749
a 62 5 749
a 5 63 655
a 63 5 655
a 5 75 281
a 75 5 281
a 5 78 995
a 78 5 995
a 5 79 889
a 79 5 889
a 5 81 680
a 81 5 680
a 5 83 585
a 83 5 585
a 5 92 566
a 92 5 566
a 5 94 908
a 94 5 908
a 5 95 205
a 95 5 205
a 5 97 750
a 97 5 750
a 5 100 174
a 100 5 174
a 6 8 206
a 8 6 206
a 6 11 430
a 11 6 430
a 6 19 362
a 19 6 362
a 6 21 130
a 21 6 130
a 6 23 852
a 23 6 852
a 6 25 182
a 25 6 182
a 6 26 555
a 26 6 555
a 6 31 540
a 31 6 540
a 6 32 312
a 32 6 312
a 6 36 740
a 36 6 740
a 6 48 528
a 48 6 528
a 6 51 718
a 51 6 718
a 6 53 765
a 53 6 765
a 6 54 701
a 54 6 701
a 6 60 266
a 60 6 266
a 6 62 658
a 62 6 658
a 6 64 395
a 64 6 395
a 6 66 220
a 66 6 220
a 6 67 565
a 67 6 565
a 6 73 735
a 73 6 735
a 6 75 387
a 75 6 387
a 6 79 942
a 79 6 942
a 6 82 627
a 82 6 627
a 6 89 701
a 89 6 701
a 6 90 821
a 90 6 821
a 6 97 113
a 97 6 113
a 6 99 334
a 99 6 334
a 7 9 966
a 9 7 966
a 7 10 632
a 10 7 632
a 7 13 538
a 13 7 538
a 7 15 783
a 15 7 783
a 7 17 463
a 17 7 463
a 7 20 913
a 20 7 913
a 7 27 215
a 27 7 215
a 7 31 543
a 31 7 543
a 7 33 934
a 33 7 934
a 7 37 651
a 37 7 651
a 7 42 413
a 42 7 413
a 7 43 547
a 43 7 547
a 7 44 681
a 44 7 681
a 7 47 954
a 47 7 954
a 7 48 673
a 48 7 673
a 7 50 143
a 50 7 143
a 7 54 464
a 54 7 464
a 7 56 614
a 56 7 614
a 7 59 800
a 59 7 800
a 7 62 501
a 62 7 501
a 7 69 958
a 69 7 958
a 7 73 417
a 73 7 417
a 7 75 905
a 75 7 905
a 7 76 651
a 76 7 651
a 7 80 396
a 80 7 396
a 7 81 453
a 81 7 453
a 7 86 839
a 86 7 839
a 7 87 667
a 87 7 667
a 7 92 169
a 92 7 169
a 7 93 161
a 93 7 161
a 7 94 173
a 94 7 173
a 7 95 599
a 95 7 599
a 7 96 769
a 96 7 769
a 7 99 328
a 99 7 328
a 7 100 599
a 100 7 599
a 8 11 645
a 11 8 645
a 8 12 421
a 12 8 421
a 8 13 909
a 13 8 909
a 8 14 942
a 14 8 942
a 8 19 909
a 19 8 909
a 8 29 602
a 29 8 602
a 8 33 766
a 33 8 766
a 8 37 933
a 37 8 933
a 8 39 322
a 39 8 322
a 8 56 500
a 56 8 500
a 8 59 415
a 59 8 415
a 8 62 879
a 62 8 879
a 8 64 307
a 64 8 307
a 8 68 301
a 68 8 301
a 8 70 194
a 70 8 194
a 8 72 696
a 72 8 696
a 8 73 465
a 73 8 465
a 8 76 588
a 76 8 588
a 8 78 910
a 78 8 910
a 8 79 315
a 79 8 315
a 8 90 480
a 90 8 480
a 8 91 528
a 91 8 528
a 8 92 506
a 92 8 506
a 8 93 119
a 93 8 119
a 8 96 564
a 96 8 564
a 9 10 125
a 10 9 125
a 9 11 431
a 11 9 431
a 9 12 384
a 12 9 384
a 9 13 874
a 13 9 874
a 9 16 547
a 16 9 547
a 9 17 288
a 17 9 288
a 9 19 877
a 19 9 877
a 9 20 928
a 20 9 928
a 9 23 332
a 23 9 332
a 9 32 926
a 32 9 926
a 9 33 437
a 33 9 437
a 9 34 910
a 34 9 910
a 9 43 217
a 43 9 217
a 9 48 873
a 48 9 873
a 9 51 154
a 51 9 154
a 9 53 785
a 53 9 785
a 9 59 391
a 59 9 391
a 9 61 535
a 61 9 535
a 9 62 766
a 62 9 766
a 9 65 201
a 65 9 201
a 9 66 573
a 66 9 573
a 9 69 913
a 69 9 913
a 9 70 286
a 70 9 286
a 9 72 879
a 72 9 879
a 9 74 860
a 74 9 860
a 9 76 727
a 76 9 727
a 9 78 789
a 78 9 789
a 9 85 795
a 85 9 795
a 9 87 200
a 87 9 200
a 9 89 242
a 89 9 242
a 9 90 729
a 90 9 729
a 9 91 372
a 91 9 372
a 9 92 649
a 92 9 649
a 9 94 236
a 94 9 236
a 9 95 251
a 95 9 251
a 10 13 725
a 13 10 725
a 10 18 993
a 18 10 993
a 10 19 688
a 19 10 688
a 10 24 578
a 24 10 578
a 10 26 462
a 26 10 462
a 10 29 200
a 29 10 200
a 10 30 904
a 30 10 904
a 10 33 665
a 33 10 665
a 10 34 509
a 34 10 509
a 10 36 266
a 36 10 266
a 10 37 175
a 37 10 175
a 10 39 642
a 39 10 642
a 10 42 790
a 42 10 790
a 10 43 466
a 43 10 466
a 10 48 299
a 48 10 299
a 10 49 166
a 49 10 166
a 10 50 805
a 50 10 805
a 10 51 803
a 51 10 803
a 10 53 670
a 53 10 670
a 10 54 263
a 54 10 263
a 10 56 685
a 56 10 685
a 10 58 529
a 58 10 529
a 10 61 595
a 61 10 595
a 10 73 766
a 73 10 766
a 10 74 300
a 74 10 300
a 10 75 760
a 75 10 760
a 10 82 554
a 82 10 554
a 10 83 677
a 83 10 677
a 10 88 141
a 88 10 141
a 10 91 375
a 91 10 375
a 10 92 326
a 92 10 326
a 10 95 216
a 95 10 216
a 10 100 667
a 100 10 667
a 11 12 910
a 12 11 910
a 11 13 708
a 13 11 708
a 11 15 829
a 15 11 829
a 11 22 428
a 22 11 428
a 11 23 990
a 23 11 990
a 11 26 276
a 26 11 276
a 11 27 305
a 27 11 305
a 11 28 182
a 28 11 182
a 11 29 130
a 29 11 130
a 11 34 920
a 34 11 920
a 11 40 858
a 40 11 858
a 11 42 224
a 42 11 224
a 11 43 916
a 43 11 916
a 11 44 751
a 44 11 751
a 11 46 770
a 46 11 770
a 11 51 120
a 51 11 120
a 11 54 676
a 54 11 676
a 11 56 577
a 56 11 577
a 11 59 503
a 59 11 503
a 11 66 710
a 66 11 710
a 11 68 799
a 68 11 799
a 11 76 653
a 76 11 653
a 11 81 869
a 81 11 869
a 11 82 919
a 82 11 919
a 11 84 123
a 84 11 123
a 11 87 198
a 87 11 198
a 11 89 477
a 89 11 477
a 11 90 717
a 90 11 717
a 11 91 479
a 91 11 479
a 11 94 421
a 94 11 421
a 11 97 504
a 97 11 504
a 12 14 656
a 14 12 656
a 12 19 992
a 19 12 992
a 12 22 395
a 22 12 395
a 12 28 589
a 28 12 589
a 12 32 158
a 32 12 158
a 12 35 738
a 35 12 738
a 12 37 519
a 37 12 519
a 12 38 620
a 38 12 620
a 12 40 686
a 40 12 686
a 12 46 897
a 46 12 897
a 12 47 403
a 47 12 403
a 12 48 376
a 48 12 376
a 12 51 129
a 51 12 129
a 12 53 122
a 53 12 122
a 12 56 527
a 56 12 527
a 12 57 503
a 57 12 503
a 12 58 388
a 58 12 388
a 12 61 105
a 61 12 105
a 12 62 552
a 62 12 552
a 12 65 988
a 65 12 988
a 12 69 943
a 69 12 943
a 12 73 624
a 73 12 624
a 12 83 757
a 83 12 757
a 12 86 156
a 86 12 156
a 12 87 444
a 87 12 444
a 12 89 557
a 89 12 557
a 12 90 969
a 90 12 969
a 12 92 281
a 92 12 281
a 12 98 783
a 98 12 783
a 12 99 371
a 99 12 371
a 13 14 637
a 14 13 637
a 13 18 839
a 18 13 839
a 13 22 255
a 22 13 255
a 13 24 125
a 24 13 125
a 13 27 777
a 27 13 777
a 13 28 126
a 28 13 126
a 13 29 569
a 29 13 569
a 13 30 546
a 30 13 546
a 13 31 219
a 31 13 219
a 13 32 158
a 32 13 158
a 13 33 208
a 33 13 208
a 13 43 154
a 43 13 154
a 13 46 780
a 46 13 780
a 13 47 928
a 47 13 928
a 13 50 909
a 50 13 909
a 13 51 178
a 51 13 178
a 13 54 762
a 54 13 762
a 13 55 789
a 55 13 789
a 13 61 457
a 61 13 457
a 13 63 918
a 63 13 918
a 13 64 200
a 64 13 200
a 13 65 983
a 65 13 983
a 13 67 839
a 67 13 839
a 13 70 154
a 70 13 154
a 13 80 120
a 80 13 120
a 13 81 658
a 81 13 658
a 13 84 673
a 84 13 673
a 13 86 150
a 86 13 150
a 13 87 815
a 87 13 815
a 13 91 897
a 91 13 897
a 13 93 218
a 93 13 218
a 13 95 940
a 95 13 940
a 13 99 111
a 99 13 111
a 13 100 476
a 100 13 476
a 14 17 948
a 17 14 948
a 14 18 656
a 18 14 656
a 14 21 459
a 21 14 459
a 14 22 713
a 22 14 713
a 14 27 516
a 27 14 516
a 14 28 293
a 28 14 293
a 14 31 248
a 31 14 248
a 14 33 175
a 33 14 175
a 14 39 202
a 39 14 202
a 14 43 543
a 43 14 543
a 14 46 643
a 46 14 643
a 14 51 826
a 51 14 826
a 14 53 106
a 53 14 106
a 14 54 969
a 54 14 969
a 14 57 705
a 57 14 705
a 14 62 562
a 62 14 562
a 14 63 417
a 63 14 417
a 14 65 854
a 65 14 854
a 14 67 714
a 67 14 714
a 14 75 520
a 75 14 520
a 14 79 402
a 79 14 402
a 14 86 361
a 86 14 361
a 14 88 215
a 88 14 215
a 14 91 305
a 91 14 305
a 15 16 587
a 16 15 587
a 15 19 437
a 19 15 437
a 15 23 402
a 23 15 402
a 15 27 416
a 27 15 416
a 15 31 999
a 31 15 999
a 15 35 826
a 35 15 826
a 15 39 1000
a 39 15 1000
a 15 41 705
a 41 15 705
a 15 45 759
a 45 15 759
a 15 46 988
a 46 15 988
a 15 47 513
a 47 15 513
a 15 52 237
a 52 15 237
a 15 58 689
a 58 15 689
a 15 60 608
a 60 15 608
a 15 61 604
a 61 15 604
a 15 62 564
a 62 15 564
a 15 63 599
a 63 15 599
a 15 70 134
a 70 15 134
a 15 72 212
a 72 15 212
a 15 75 557
a 75 15 557
a 15 76 280
a 76 15 280
a 15 80 977
a 80 15 977
a 15 82 397
a 82 15 397
a 15 85 388
a 85 15 388
a 15 88 682
a 88 15 682
a 15 90 257
a 90 15 257
a 15 92 296
a 92 15 296
a 15 99 137
a 99 15 137
a 16 23 851
a 23 16 851
a 16 25 315
a 25 16 315
a 16 30 552
a 30 16 552
a 16 32 740
a 32 16 740
a 16 34 107
a 34 16 107
a 16 38 749
a 38 16 749
a 16 41 330
a 41 16 330
a 16 42 676
a 42 16 676
a 16 43 413
a 43 16 413
a 16 45 404
a 45 16 404
a 16 46 404
a 46 16 404
a 16 47 745
a 47 16 745
a 16 49 337
a 49 16 337
a 16 53 746
a 53 16 746
a 16 54 813
a 54 16 813
a 16 56 401
a 56 16 401
a 16 58 757
a 58 16 757
a 16 61 815
a 61 16 815
a 16 65 164
a 65 16 164
a 16 66 762
a 66 16 762
a 16 67 717
a 67 16 717
a 16 69 538
a 69 16 538
a 16 75 569
a 75 16 569
a 16 78 412
a 78 16 412
a 16 80 874
a 80 16 874
a 16 81 108
a 81 16 108
a 16 83 546
a 83 16 546
a 16 85 176
a 85 16 176
a 16 91 807
a 91 16 807
a 16 93 598
a 93 16 598
a 16 94 151
a 94 16 151
a 16 96 921
a 96 16 921
a 16 99 454
a 99 16 454
a 17 18 886
a 18 17 886
a 17 20 464
a 20 17 464
a 17 24 135
a 24 17 135
a 17 26 652
a 26 17 652
a 17 27 243
a 27 17 243
a 17 29 693
a 29 17 693
a 17 33 841
a 33 17 841
a 17 34 149
a 34 17 149
a 17 39 410
a 39 17 410
a 17 43 130
a 43 17 130
a 17 45 699
a 45 17 699
a 17 49 918
a 49 17 918
a 17 52 356
a 52 17 356
a 17 71 572
a 71 17 572
a 17 72 777
a 72 17 777
a 17 82 112
a 82 17 112
a 17 84 412
a 84 17 412
a 17 85 637
a 85 17 637
a 17 86 395
a 86 17 395
a 17 90 164
a 90 17 164
a 17 92 737
a 92 17 737
a 17 94 421
a 94 17 421
a 17 98 853
a 98 17 853
a 17 100 799
a 100 17 799
a 18 19 522
a 19 18 522
a 18 21 472
a 21 18 472
a 18 23 705
a 23 18 705
a 18 25 145
a 25 18 145
a 18 26 650
a 26 18 650
a 18 28 952
a 28 18 952
a 18 33 778
a 33 18 778
a 18 38 300
a 38 18 300
a 18 40 490
a 40 18 490
a 18 41 413
a 41 18 413
a 18 48 552
a 48 18 552
a 18 51 182
a 51 18 182
a 18 56 172
a 56 18 172
a 18 58 623
a 58 18 623
a 18 59 995
a 59 18 995
a 18 67 162
a 67 18 162
a 18 70 583
a 70 18 583
a 18 78 139
a 78 18 139
a 18 80 863
a 80 18 863
a 18 82 255
a 82 18 255
a 18 84 758
a 84 18 758
a 18 85 271
a 85 18 271
a 18 88 346
a 88 18 346
a 18 92 286
a 92 18 286
a 18 94 448
a 94 18 448
a 18 98 284
a 98 18 284
a 18 99 933
a 99 18 933
a 19 21 832
a 21 19 832
a 19 26 602
a 26 19 602
a 19 27 749
a 27 19 749
a 19 30 287
a 30 19 287
a 19 31 680
a 31 19 680
a 19 36 424
a 36 19 424
a 19 38 826
a 38 19 826
a 19 41 236
a 41 19 236
a 19 42 886
a 42 19 886
a 19 44 848
a 44 19 848
a 19 48 116
a 48 19 116
a 19 52 674
a 52 19 674
a 19 53 651
a 53 19 651
a 19 60 413
a 60 19 413
a 19 69 437
a 69 19 437
a 19 70 316
a 70 19 316
a 19 73 424
a 73 19 424
a 19 74 599
a 74 19 599
a 19 75 424
a 75 19 424
a 19 76 306
a 76 19 306
a 19 78 428
a 78 19 428
a 19 79 165
a 79 19 165
a 19 83 462
a 83 19 462
a 19 86 846
a 86 19 846
a 19 88 112
a 88 19 112
a 19 93 125
a 93 19 125
a 19 94 200
a 94 19 200
a 19 97 584
a 97 19 584
a 19 98 384
a 98 19 384
a 20 27 350
a 27 20 350
a 20 29 355
a 29 20 355
a 20 30 729
a 30 20 729
a 20 37 767
a 37 20 767
a 20 41 698
a 41 20 698
a 20 42 803
a 42 20 803
a 20 46 288
a 46 20 288
a 20 61 432
a 61 20 432
a 20 62 966
a 62 20 966
a 20 67 843
a 67 20 843
a 20 69 360
a 69 20 360
a 20 78 643
a 78 20 643
a 20 79 940
a 79 20 940
a 20 83 294
a 83 20 294
a 20 85 226
a 85 20 226
a 20 86 517
a 86 20 517
a 20 87 660
a 87 20 660
a 20 88 149
a 88 20 149
a 20 92 233
a 92 20 233
a 20 95 212
a 95 20 212
a 20 97 629
a 97 20 629
a 20 99 743
a 99 20 743
a 21 22 346
a 22 21 346
a 21 24 133
a 24 21 133
a 21 28 766
a 28 21 766
a 21 32 715
a 32 21 715
a 21 36 160
a 36 21 160
a 21 39 847
a 39 21 847
a 21 42 279
a 42 21 279
a 21 44 936
a 44 21 936
a 21 63 107
a 63 21 107
a 21 68 121
a 68 21 121
a 21 73 785
a 73 21 785
a 21 74 931
a 74 21 931
a 21 77 606
a 77 21 606
a 21 82 265
a 82 21 265
a 21 84 927
a 84 21 927
a 21 86 185
a 86 21 185
a 21 87 352
a 87 21 352
a 21 88 725
a 88 21 725
a 21 90 643
a 90 21 643
a 21 91 370
a 91 21 370
a 21 92 579
a 92 21 579
a 21 99 309
a 99 21 309
a 21 100 266
a 100 21 266
a 22 23 818
a 23 22 818
a 22 24 818
a 24 22 818
a 22 33 263
a 33 22 263
a 22 35 502
a 35 22 502
a 22 36 466
a 36 22 466
a 22 38 928
a 38 22 928
a 22 42 642
a 42 22 642
a 22 43 127
a 43 22 127
a 22 44 516
a 44 22 516
a 22 48 294
a 48 22 294
a 22 52 828
a 52 22 828
a 22 53 409
a 53 22 409
a 22 54 317
a 54 22 317
a 22 60 309
a 60 22 309
a 22 61 394
a 61 22 394
a 22 63 250
a 63 22 250
a 22 66 984
a 66 22 984
a 22 69 803
a 69 22 803
a 22 74 275
a 74 22 275
a 22 76 700
a 76 22 700
a 22 78 127
a 78 22 127
a 22 79 241
a 79 22 241
a 22 81 173
a 81 22 173
a 22 88 869
a 88 22 869
a 22 90 631
a 90 22 631
a 22 92 768
a 92 22 768
a 22 96 357
a 96 22 357
a 22 98 526
a 98 22 526
a 22 100 875
a 100 22 875
a 23 25 717
a 25 23 717
a 23 26 463
a 26 23 463
a 23 30 757
a 30 23 757
a 23 31 383
a 31 23 383
a 23 32 641
a 32 23 641
a 23 33 228
a 33 23 228
a 23 36 542
a 36 23 542
a 23 37 240
a 37 23 240
a 23 38 952
a 38 23 952
a 23 43 410
a 43 23 410
a 23 47 884
a 47 23 884
a 23 49 704
a 49 23 704
a 23 50 787
a 50 23 787
a 23 60 224
a 60 23 224
a 23 62 301
a 62 23 301
a 23 65 422
a 65 23 422
a 23 68 292
a 68 23 292
a 23 71 442
a 71 23 442
a 23 72 815
a 72 23 815
a 23 73 211
a 73 23 211
a 23 74 794
a 74 23 794
a 23 86 543
a 86 23 543
a 23 87 445
a 87 23 445
a 23 89 365
a 89 23 365
a 23 91 415
a 91 23 415
a 23 92 428
a 92 23 428
a 23 95 587
a 95 23 587
a 23 100 608
a 100 23 608
a 24 26 826
a 26 24 826
a 24 27 310
a 27 24 310
a 24 28 631
a 28 24 631
a 24 33 968
a 33 24 968
a 24 35 966
a 35 24 966
a 24 36 967
a 36 24 967
a 24 39 379
a 39 24 379
a 24 42 467
a 42 24 467
a 24 46 746
a 46 24 746
a 24 50 253
a 50 24 253
a 24 51 272
a 51 24 272
a 24 52 662
a 52 24 662
a 24 54 247
a 54 24 247
a 24 60 577
a 60 24 577
a 24 63 482
a 63 24 482
a 24 64 488
a 64 24 488
a 24 65 363
a 65 24 363
a 24 73 930
a 73 24 930
a 24 77 679
a 77 24 679
a 24 78 784
a 78 24 784
a 24 83 996
a 83 24 996
a 24 84 749
a 84 24 749
a 24 88 243
a 88 24 243
a 24 90 876
a 90 24 876
a 24 97 601
a 97 24 601
a 25 26 243
a 26 25 243
a 25 32 411
a 32 25 411
a 25 36 216
a 36 25 216
a 25 39 216
a 39 25 216
a 25 41 870
a 41 25 870
a 25 44 877
a 44 25 877
a 25 47 191
a 47 25 191
a 25 51 427
a 51 25 427
a 25 55 510
a 55 25 510
a 25 57 601
a 57 25 601
a 25 58 437
a 58 25 437
a 25 60 640
a 60 25 640
a 25 63 310
a 63 25 310
a 25 64 973
a 64 25 973
a 25 67 874
a 67 25 874
a 25 73 428
a 73 25 428
a 25 74 426
a 74 25 426
a 25 75 617
a 75 25 617
a 25 77 317
a 77 25 317
a 25 79 591
a 79 25 591
a 25 81 177
a 81 25 177
a 25 82 633
a 82 25 633
a 25 84 867
a 84 25 867
a 25 92 891
a 92 25 891
a 25 93 581
a 93 25 581
a 25 94 747
a 94 25 747
a 25 97 977
a 97 25 977
a 26 27 635
a 27 26 635
a 26 31 459
a 31 26 459
a 26 36 898
a 36 26 898
a 26 37 657
a 37 26 657
a 26 39 872
a 39 26 872
a 26 40 874
a 40 26 874
a 26 41 790
a 41 26 790
a 26 48 320
a 48 26 320
a 26 50 783
a 50 26 783
a 26 52 207
a 52 26 207
a 26 62 835
a 62 26 835
a 26 67 701
a 67 26 701
a 26 68 520
a 68 26 520
a 26 72 749
a 72 26 749
a 26 74 684
a 74 26 684
a 26 83 328
a 83 26 328
a 26 85 295
a 85 26 295
a 26 89 347
a 89 26 347
a 26 93 772
a 93 26 772
a 26 95 538
a 95 26 538
a 26 97 390
a 97 26 390
a 26 99 446
a 99 26 446
a 26 100 940
a 100 26 940
a 27 31 788
a 31 27 788
a 27 32 199
a 32 27 199
a 27 36 574
a 36 27 574
a 27 37 508
a 37 27 508
a 27 39 840
a 39 27 840
a 27 40 433
a 40 27 433
a 27 48 855
a 48 27 855
a 27 50 292
a 50 27 292
a 27 52 300
a 52 27 300
a 27 61 788
a 61 27 788
a 27 63 713
a 63 27 713
a 27 64 381
a 64 27 381
a 27 69 316
a 69 27 316
a 27 74 264
a 74 27 264
a 27 76 318
a 76 27 318
a 27 78 228
a 78 27 228
a 27 79 923
a 79 27 923
a 27 83 359
a 83 27 359
a 27 87 278
a 87 27 278
a 27 90 696
a 90 27 696
a 27 93 706
a 93 27 706
a 27 94 653
a 94 27 653
a 27 95 429
a 95 27 429
a 27 96 878
a 96 27 878
a 27 97 334
a 97 27 334
a 27 100 198
a 100 27 198
a 28 32 571
a 32 28 571
a 28 33 840
a 33 28 840
a 28 46 272
a 46 28 272
a 28 49 522
a 49 28 522
a 28 50 263
a 50 28 263
a 28 51 244
a 51 28 244
a 28 52 511
a 52 28 511
a 28 54 387
a 54 28 387
a 28 56 814
a 56 28 814
a 28 59 627
a 59 28 627
a 28 61 618
a 61 28 618
a 28 62 297
a 62 28 297
a 28 65 214
a 65 28 214
a 28 66 895
a 66 28 895
a 28 71 417
a 71 28 417
a 28 75 207
a 75 28 207
a 28 81 575
a 81 28 575
a 28 84 528
a 84 28 528
a 28 87 404
a 87 28 404
a 28 88 200
a 88 28 200
a 28 91 501
a 91 28 501
a 28 96 685
a 96 28 685
a 29 30 784
a 30 29 784
a 29 33 440
a 33 29 440
a 29 34 304
a 34 29 304
a 29 40 100
a 40 29 100
a 29 42 365
a 42 29 365
a 29 46 653
a 46 29 653
a 29 49 702
a 49 29 702
a 29 51 646
a 51 29 646
a 29 54 282
a 54 29 282
a 29 59 152
a 59 29 152
a 29 61 267
a 61 29 267
a 29 70 878
a 70 29 878
a 29 71 651
a 71 29 651
a 29 75 220
a 75 29 220
a 29 76 165
a 76 29 165
a 29 77 564
a 77 29 564
a 29 80 573
a 80 29 573
a 29 81 566
a 81 29 566
a 29 82 637
a 82 29 637
a 29 84 264
a 84 29 264
a 29 85 497
a 85 29 497
a 29 86 314
a 86 29 314
a 29 87 775
a 87 29 775
a 29 88 636
a 88 29 636
a 29 89 638
a 89 29 638
a 29 91 415
a 91 29 415
a 29 92 261
a 92 29 261
a 29 98 731
a 98 29 731
a 30 31 775
a 31 30 775
a 30 32 794
a 32 30 794
a 30 37 369
a 37 30 369
a 30 41 772
a 41 30 772
a 30 43 908
a 43 30 908
a 30 50 380
a 50 30 380
a 30 52 570
a 52 30 570
a 30 57 433
a 57 30 433
a 30 63 317
a 63 30 317
a 30 68 303
a 68 30 303
a 30 71 167
a 71 30 167
a 30 77 882
a 77 30 882
a 30 80 799
a 80 30 799
a 30 83 877
a 83 30 877
a 30 84 654
a 84 30 654
a 30 85 925
a 85 30 925
a 30 87 525
a 87 30 525
a 30 90 165
a 90 30 165
a 30 92 473
a 92 30 473
a 30 93 219
a 93 30 219
a 30 94 518
a 94 30 518
a 30 96 530
a 96 30 530
a 30 98 391
a 98 30 391
a 30 100 633
a 100 30 633
a 31 33 964
a 33 31 964
a 31 34 877
a 34 31 877
a 31 36 628
a 36 31 628
a 31 37 985
a 37 31 985
a 31 41 818
a 41 31 818
a 31 51 884
a 51 31 884
a 31 54 820
a 54 31 820
a 31 55 383
a 55 31 383
a 31 61 824
a 61 31 824
a 31 63 344
a 63 31 344
a 31 65 526
a 65 31 526
a 31 66 718
a 66 31 718
a 31 73 773
a 73 31 773
a 31 74 785
a 74 31 785
a 31 81 189
a 81 31 189
a 31 83 680
a 83 31 680
a 31 84 521
a 84 31 521
a 31 85 656
a 85 31 656
a 31 87 712
a 87 31 712
a 31 88 330
a 88 31 330
a 31 93 675
a 93 31 675
a 31 94 569
a 94 31 569
a 31 96 349
a 96 31 349
a 31 99 259
a 99 31 259
a 31 100 589
a 100 31 589
a 32 33 834
a 33 32 834
a 32 39 854
a 39 32 854
a 32 40 654
a 40 32 654
a 32 43 594
a 43 32 594
a 32 45 833
a 45 32 833
a 32 51 687
a 51 32 687
a 32 52 843
a 52 32 843
a 32 59 453
a 59 32 453
a 32 63 569
a 63 32 569
a 32 72 738
a 72 32 738
a 32 74 654
a 74 32 654
a 32 76 194
a 76 32 194
a 32 79 437
a 79 32 437
a 32 80 934
a 80 32 934
a 32 81 422
a 81 32 422
a 32 82 400
a 82 32 400
a 32 83 329
a 83 32 329
a 32 85 321
a 85 32 321
a 32 86 857
a 86 32 857
a 32 88 679
a 88 32 679
a 32 90 137
a 90 32 137
a 32 93 126
a 93 32 126
a 32 95 879
a 95 32 879
a 32 99 252
a 99 32 252
a 33 34 427
a 34 33 427
a 33 36 828
a 36 33 828
a 33 39 551
a 39 33 551
a 33 41 371
a 41 33 371
a 33 43 638
a 43 33 638
a 33 46 202
a 46 33 202
a 33 48 325
a 48 33 325
a 33 51 808
a 51 33 808
a 33 53 174
a 53 33 174
a 33 54 722
a 54 33 722
a 33 55 866
a 55 33 866
a 33 58 936
a 58 33 936
a 33 67 119
a 67 33 119
a 33 73 568
a 73 33 568
a 33 75 876
a 75 33 876
a 33 76 804
a 76 33 804
a 33 80 443
a 80 33 443
a 33 87 346
a 87 33 346
a 33 88 654
a 88 33 654
a 33 90 879
a 90 33 879
a 33 91 976
a 91 33 976
a 33 100 438
a 100 33 438
a 34 42 518
a 42 34 518
a 34 43 849
a 43 34 849
a 34 45 606
a 45 34 606
a 34 47 317
a 47 34 317
a 34 49 575
a 49 34 575
a 34 51 521
a 51 34 521
a 34 52 276
a 52 34 276
a 34 55 585
a 55 34 585
a 34 61 977
a 61 34 977
a 34 62 225
a 62 34 225
a 34 66 625
a 66 34 625
a 34 71 555
a 71 34 555
a 34 77 628
a 77 34 628
a 34 78 945
a 78 34 945
a 34 81 215
a 81 34 215
a 34 83 110
a 83 34 110
a 34 86 342
a 86 34 342
a 34 92 414
a 92 34 414
a 34 96 859
a 96 34 859
a 34 97 757
a 97 34 757
a 35 37 668
a 37 35 668
a 35 38 753
a 38 35 753
a 35 39 839
a 39 35 839
a 35 48 172
a 48 35 172
a 35 50 328
a 50 35 328
a 35 52 804
a 52 35 804
a 35 55 799
a 55 35 799
a 35 56 866
a 56 35 866
a 35 58 687
a 58 35 687
a 35 60 473
a 60 35 473
a 35 64 922
a 64 35 922
a 35 66 702
a 66 35 702
a 35 68 815
a 68 35 815
a 35 69 326
a 69 35 326
a 35 76 685
a 76 35 685
a 35 78 280
a 78 35 280
a 35 79 146
a 79 35 146
a 35 82 677
a 82 35 677
a 35 89 144
a 89 35 144
a 35 92 263
a 92 35 263
a 35 97 262
a 97 35 262
a 35 98 161
a 98 35 161
a 36 37 863
a 37 36 863
a 36 42 771
a 42 36 771
a 36 45 265
a 45 36 265
a 36 49 867
a 49 36 867
a 36 57 720
a 57 36 720
a 36 61 360
a 61 36 360
a 36 68 276
a 68 36 276
a 36 70 687
a 70 36 687
a 36 72 471
a 72 36 471
a 36 76 997
a 76 36 997
a 36 82 619
a 82 36 619
a 36 84 409
a 84 36 409
a 36 86 695
a 86 36 695
a 36 89 313
a 89 36 313
a 36 90 719
a 90 36 719
a 36 91 570
a 91 36 570
a 36 92 990
a 92 36 990
a 36 99 208
a 99 36 208
a 37 49 975
a 49 37 975
a 37 50 517
a 50 37 517
a 37 51 223
a 51 37 223
a 37 56 476
a 56 37 476
a 37 57 237
a 57 37 237
a 37 63 644
a 63 37 644
a 37 64 305
a 64 37 305
a 37 66 736
a 66 37 736
a 37 67 291
a 67 37 291
a 37 72 189
a 72 37 189
a 37 73 614
a 73 37 614
a 37 76 960
a 76 37 960
a 37 77 484
a 77 37 484
a 37 86 813
a 86 37 813
a 37 87 458
a 87 37 458
a 37 88 331
a 88 37 331
a 37 90 906
a 90 37 906
a 37 92 254
a 92 37 254
a 37 94 294
a 94 37 294
a 37 96 954
a 96 37 954
a 37 97 693
a 97 37 693
a 38 47 212
a 47 38 212
a 38 49 424
a 49 38 424
a 38 51 772
a 51 38 772
a 38 54 934
a 54 38 934
a 38 59 547
a 59 38 547
a 38 63 606
a 63 38 606
a 38 66 325
a 66 38 325
a 38 74 747
a 74 38 747
a 38 80 897
a 80 38 897
a 38 81 152
a 81 38 152
a 38 82 431
a 82 38 431
a 38 83 278
a 83 38 278
a 38 85 466
a 85 38 466
a 38 89 294
a 89 38 294
a 38 96 234
a 96 38 234
a 38 97 893
a 97 38 893
a 38 99 413
a 99 38 413
a 39 41 717
a 41 39 717
a 39 42 915
a 42 39 915
a 39 47 732
a 47 39 732
a 39 51 970
a 51 39 970
a 39 53 517
a 53 39 517
a 39 66 979
a 66 39 979
a 39 67 137
a 67 39 137
a 39 69 945
a 69 39 945
a 39 72 632
a 72 39 632
a 39 75 701
a 75 39 701
a 39 78 818
a 78 39 818
a 39 81 372
a 81 39 372
a 39 84 560
a 84 39 560
a 39 88 913
a 88 39 913
a 39 91 842
a 91 39 842
a 39 92 968
a 92 39 968
a 39 95 757
a 95 39 757
a 39 100 705
a 100 39 705
a 40 41 107
a 41 40 107
a 40 43 262
a 43 40 262
a 40 47 976
a 47 40 976
a 40 49 629
a 49 40 629
a 40 58 793
a 58 40 793
a 40 66 567
a 66 40 567
a 40 71 864
a 71 40 864
a 40 72 543
a 72 40 543
a 40 73 771
a 73 40 771
a 40 77 878
a 77 40 878
a 40 78 916
a 78 40 916
a 40 79 321
a 79 40 321
a 40 80 599
a 80 40 599
a 40 83 260
a 83 40 260
a 40 86 285
a 86 40 285
a 40 88 986
a 88 40 986
a 40 91 844
a 91 40 844
a 40 93 143
a 93 40 143
a 41 46 233
a 46 41 233
a 41 47 879
a 47 41 879
a 41 54 506
a 54 41 506
a 41 55 814
a 55 41 814
a 41 58 288
a 58 41 288
a 41 59 758
a 59 41 758
a 41 60 105
a 60 41 105
a 41 61 381
a 61 41 381
a 41 62 744
a 62 41 744
a 41 65 898
a 65 41 898
a 41 67 937
a 67 41 937
a 41 70 757
a 70 41 757
a 41 71 664
a 71 41 664
a 41 73 516
a 73 41 516
a 41 85 679
a 85 41 679
a 41 88 145
a 88 41 145
a 41 99 974
a 99 41 974
a 42 43 823
a 43 42 823
a 42 47 470
a 47 42 470
a 42 53 130
a 53 42 130
a 42 54 297
a 54 42 297
a 42 63 830
a 63 42 830
a 42 67 293
a 67 42 293
a 42 69 154
a 69 42 154
a 42 71 611
a 71 42 611
a 42 74 892
a 74 42 892
a 42 78 551
a 78 42 551
a 42 79 460
a 79 42 460
a 42 80 558
a 80 42 558
a 42 81 129
a 81 42 129
a 42 83 854
a 83 42 854
a 42 85 898
a 85 42 898
a 42 86 397
a 86 42 397
a 42 89 588
a 89 42 588
a 42 90 711
a 90 42 711
a 42 92 193
a 92 42 193
a 42 94 377
a 94 42 377
a 42 99 344
a 99 42 344
a 43 46 699
a 46 43 699
a 43 48 873
a 48 43 873
a 43 51 304
a 51 43 304
a 43 53 631
a 53 43 631
a 43 54 398
a 54 43 398
a 43 57 472
a 57 43 472
a 43 59 453
a 59 43 453
a 43 62 847
a 62 43 847
a 43 65 570
a 65 43 570
a 43 67 100
a 67 43 100
a 43 69 962
a 69 43 962
a 43 80 632
a 80 43 632
a 43 84 480
a 84 43 480
a 43 86 233
a 86 43 233
a 43 88 723
a 88 43 723
a 43 90 999
a 90 43 999
a 43 94 679
a 94 43 679
a 43 98 100
a 98 43 100
a 44 45 702
a 45 44 702
a 44 46 830
a 46 44 830
a 44 47 911
a 47 44 911
a 44 48 899
a 48 44 899
a 44 49 157
a 49 44 157
a 44 51 247
a 51 44 247
a 44 57 358
a 57 44 358
a 44 61 765
a 61 44 765
a 44 62 632
a 62 44 632
a 44 67 116
a 67 44 116
a 44 70 248
a 70 44 248
a 44 74 542
a 74 44 542
a 44 75 353
a 75 44 353
a 44 79 812
a 79 44 812
a 44 81 691
a 81 44 691
a 44 83 740
a 83 44 740
a 44 87 897
a 87 44 897
a 44 88 292
a 88 44 292
a 44 97 332
a 97 44 332
a 45 49 181
a 49 45 181
a 45 56 754
a 56 45 754
a 45 59 285
a 59 45 285
a 45 61 326
a 61 45 326
a 45 63 610
a 63 45 610
a 45 65 807
a 65 45 807
a 45 69 862
a 69 45 862
a 45 70 704
a 70 45 704
a 45 80 950
a 80 45 950
a 45 83 215
a 83 45 215
a 45 93 122
a 93 45 122
a 45 96 969
a 96 45 969
a 45 97 463
a 97 45 463
a 45 98 207
a 98 45 207
a 46 47 571
a 47 46 571
a 46 51 542
a 51 46 542
a 46 56 220
a 56 46 220
a 46 59 768
a 59 46 768
a 46 60 430
a 60 46 430
a 46 61 297
a 61 46 297
a 46 64 893
a 64 46 893
a 46 66 182
a 66 46 182
a 46 68 730
a 68 46 730
a 46 70 536
a 70 46 536
a 46 71 564
a 71 46 564
a 46 72 405
a 72 46 405
a 46 74 880
a 74 46 880
a 46 75 915
a 75 46 915
a 46 76 176
a 76 46 176
a 46 79 733
a 79 46 733
a 46 84 938
a 84 46 938
a 46 87 337
a 87 46 337
a 46 88 813
a 88 46 813
a 46 91 688
a 91 46 688
a 46 94 759
a 94 46 759
a 46 96 915
a 96 46 915
a 46 99 739
a 99 46 739
a 47 54 412
a 54 47 412
a 47 58 716
a 58 47 716
a 47 72 753
a 72 47 753
a 47 82 615
a 82 47 615
a 47 84 228
a 84 47 228
a 47 87 693
a 87 47 693
a 47 88 431
a 88 47 431
a 47 90 214
a 90 47 214
a 47 92 647
a 92 47 647
a 47 96 578
a 96 47 578
a 47 98 975
a 98 47 975
a 47 99 485
a 99 47 485
a 48 50 285
a 50 48 285
a 48 51 588
a 51 48 588
a 48 52 739
a 52 48 739
a 48 55 346
a 55 48 346
a 48 56 640
a 56 48 640
a 48 58 578
a 58 48 578
a 48 59 231
a 59 48 231
a 48 61 810
a 61 48 810
a 48 66 130
a 66 48 130
a 48 69 316
a 69 48 316
a 48 70 566
a 70 48 566
a 48 72 535
a 72 48 535
a 48 74 517
a 74 48 517
a 48 77 753
a 77 48 753
a 48 85 867
a 85 48 867
a 48 91 552
a 91 48 552
a 48 93 431
a 93 48 431
a 48 94 156
a 94 48 156
a 48 99 223
a 99 48 223
a 48 100 501
a 100 48 501
a 49 53 493
a 53 49 493
a 49 55 952
a 55 49 952
a 49 57 357
a 57 49 357
a 49 65 508
a 65 49 508
a 49 66 779
a 66 49 779
a 49 67 319
a 67 49 319
a 49 70 221
a 70 49 221
a 49 72 188
a 72 49 188
a 49 75 220
a 75 49 220
a 49 76 885
a 76 49 885
a 49 82 909
a 82 49 909
a 49 88 272
a 88 49 272
a 49 89 447
a 89 49 447
a 49 93 417
a 93 49 417
a 49 96 866
a 96 49 866
a 49 97 145
a 97 49 145
a 49 98 574
a 98 49 574
a 49 100 660
a 100 49 660
a 50 51 146
a 51 50 146
a 50 55 271
a 55 50 271
a 50 56 301
a 56 50 301
a 50 57 152
a 57 50 152
a 50 58 525
a 58 50 525
a 50 60 265
a 60 50 265
a 50 63 832
a 63 50 832
a 50 72 366
a 72 50 366
a 50 76 537
a 76 50 537
a 50 78 507
a 78 50 507
a 50 87 211
a 87 50 211
a 50 93 176
a 93 50 176
a 50 99 677
a 99 50 677
a 51 53 960
a 53 51 960
a 51 55 236
a 55 51 236
a 51 56 610
a 56 51 610
a 51 60 838
a 60 51 838
a 51 62 227
a 62 51 227
a 51 68 458
a 68 51 458
a 51 76 508
a 76 51 508
a 51 78 904
a 78 51 904
a 51 80 248
a 80 51 248
a 51 82 203
a 82 51 203
a 51 84 870
a 84 51 870
a 51 89 404
a 89 51 404
a 51 92 376
a 92 51 376
a 51 93 700
a 93 51 700
a 51 95 430
a 95 51 430
a 51 97 204
a 97 51 204
a 51 99 763
a 99 51 763
a 51 100 462
a 100 51 462
a 52 56 272
a 56 52 272
a 52 59 825
a 59 52 825
a 52 65 942
a 65 52 942
a 52 67 585
a 67 52 585
a 52 68 343
a 68 52 343
a 52 73 955
a 73 52 955
a 52 79 268
a 79 52 268
a 52 80 807
a 80 52 807
a 52 83 800
a 83 52 800
a 52 84 896
a 84 52 896
a 52 88 559
a 88 52 559
a 52 89 159
a 89 52 159
a 52 94 331
a 94 52 331
a 52 96 676
a 96 52 676
a 52 97 302
a 97 52 302
a 52 100 768
a 100 52 768
a 53 54 499
a 54 53 499
a 53 56 100
a 56 53 100
a 53 66 544
a 66 53 544
a 53 67 998
a 67 53 998
a 53 68 211
a 68 53 211
a 53 69 994
a 69 53 994
a 53 72 709
a 72 53 709
a 53 73 316
a 73 53 316
a 53 76 545
a 76 53 545
a 53 80 447
a 80 53 447
a 53 81 335
a 81 53 335
a 53 83 154
a 83 53 154
a 53 84 668
a 84 53 668
a 53 89 388
a 89 53 388
a 53 96 386
a 96 53 386
a 53 97 294
a 97 53 294
a 53 98 803
a 98 53 803
a 54 55 756
a 55 54 756
a 54 56 372
a 56 54 372
a 54 60 974
a 60 54 974
a 54 62 109
a 62 54 109
a 54 64 514
a 64 54 514
a 54 69 601
a 69 54 601
a 54 73 302
a 73 54 302
a 54 75 470
a 75 54 470
a 54 76 481
a 76 54 481
a 54 80 334
a 80 54 334
a 54 83 268
a 83 54 268
a 54 84 716
a 84 54 716
a 54 86 661
a 86 54 661
a 54 87 960
a 87 54 960
a 54 89 219
a 89 54 219
a 54 90 789
a 90 54 789
a 54 99 813
a 99 54 813
a 54 100 287
a 100 54 287
a 55 57 718
a 57 55 718
a 55 59 753
a 59 55 753
a 55 61 316
a 61 55 316
a 55 66 896
a 66 55 896
a 55 67 224
a 67 55 224
a 55 70 527
a 70 55 527
a 55 79 625
a 79 55 625
a 55 81 897
a 81 55 897
a 55 91 158
a 91 55 158
a 55 92 706
a 92 55 706
a 55 93 473
a 93 55 473
a 55 96 520
a 96 55 520
a 55 98 268
a 98 55 268
a 56 61 513
a 61 56 513
a 56 68 567
a 68 56 567
a 56 71 378
a 71 56 378
a 56 72 946
a 72 56 946
a 56 74 297
a 74 56 297
a 56 80 135
a 80 56 135
a 56 81 952
a 81 56 952
a 56 85 319
a 85 56 319
a 56 91 643
a 91 56 643
a 56 92 184
a 92 56 184
a 56 97 921
a 97 56 921
a 56 98 700
a 98 56 700
a 57 58 559
a 58 57 559
a 57 62 908
a 62 57 908
a 57 65 551
a 65 57 551
a 57 67 179
a 67 57 179
a 57 68 729
a 68 57 729
a 57 71 732
a 71 57 732
a 57 72 960
a 72 57 960
a 57 73 671
a 73 57 671
a 57 74 104
a 74 57 104
a 57 81 839
a 81 57 839
a 57 82 398
a 82 57 398
a 57 83 542
a 83 57 542
a 57 84 972
a 84 57 972
a 57 85 428
a 85 57 428
a 57 86 829
a 86 57 829
a 57 87 414
a 87 57 414
a 57 99 154
a 99 57 154
a 57 100 233
a 100 57 233
a 58 62 691
a 62 58 691
a 58 63 633
a 63 58 633
a 58 70 264
a 70 58 264
a 58 72 242
a 72 58 242
a 58 75 263
a 75 58 263
a 58 85 909
a 85 58 909
a 58 86 104
a 86 58 104
a 58 87 745
a 87 58 745
a 58 88 805
a 88 58 805
a 58 89 633
a 89 58 633
a 58 94 117
a 94 58 117
a 58 95 454
a 95 58 454
a 58 97 215
a 97 58 215
a 59 60 136
a 60 59 136
a 59 61 777
a 61 59 777
a 59 67 575
a 67 59 575
a 59 69 376
a 69 59 376
a 59 71 364
a 71 59 364
a 59 72 421
a 72 59 421
a 59 77 494
a 77 59 494
a 59 81 743
a 81 59 743
a 59 87 756
a 87 59 756
a 59 88 437
a 88 59 437
a 59 90 134
a 90 59 134
a 59 94 272
a 94 59 272
a 59 95 286
a 95 59 286
a 59 98 730
a 98 59 730
a 60 62 368
a 62 60 368
a 60 64 930
a 64 60 930
a 60 67 511
a 67 60 511
a 60 70 274
a 70 60 274
a 60 71 962
a 71 60 962
a 60 73 274
a 73 60 274
a 60 74 128
a 74 60 128
a 60 75 742
a 75 60 742
a 60 76 188
a 76 60 188
a 60 85 804
a 85 60 804
a 60 86 660
a 86 60 660
a 60 87 999
a 87 60 999
a 60 90 658
a 90 60 658
a 60 92 380
a 92 60 380
a 60 97 339
a 97 60 339
a 61 62 983
a 62 61 983
a 61 63 496
a 63 61 496
a 61 66 613
a 66 61 613
a 61 68 955
a 68 61 955
a 61 69 926
a 69 61 926
a 61 70 950
a 70 61 950
a 61 72 700
a 72 61 700
a 61 76 420
a 76 61 420
a 61 77 771
a 77 61 771
a 61 81 123
a 81 61 123
a 61 82 994
a 82 61 994
a 61 84 535
a 84 61 535
a 61 89 245
a 89 61 245
a 61 91 578
a 91 61 578
a 62 68 405
a 68 62 405
a 62 76 642
a 76 62 642
a 62 78 656
a 78 62 656
a 62 79 621
a 79 62 621
a 62 82 116
a 82 62 116
a 62 84 643
a 84 62 643
a 62 87 564
a 87 62 564
a 62 89 188
a 89 62 188
a 62 92 153
a 92 62 153
a 62 96 610
a 96 62 610
a 62 97 212
a 97 62 212
a 62 98 832
a 98 62 832
a 62 99 987
a 99 62 987
a 63 67 634
a 67 63 634
a 63 70 792
a 70 63 792
a 63 72 616
a 72 63 616
a 63 75 153
a 75 63 153
a 63 76 188
a 76 63 188
a 63 82 110
a 82 63 110
a 63 85 938
a 85 63 938
a 63 87 924
a 87 63 924
a 63 91 352
a 91 63 352
a 63 95 820
a 95 63 820
a 63 96 121
a 96 63 121
a 64 67 428
a 67 64 428
a 64 68 835
a 68 64 835
a 64 70 890
a 70 64 890
a 64 76 194
a 76 64 194
a 64 79 564
a 79 64 564
a 64 80 943
a 80 64 943
a 64 82 648
a 82 64 648
a 64 86 971
a 86 64 971
a 64 87 345
a 87 64 345
a 64 88 958
a 88 64 958
a 64 92 576
a 92 64 576
a 64 95 204
a 95 64 204
a 64 96 184
a 96 64 184
a 64 97 842
a 97 64 842
a 64 100 560
a 100 64 560
a 65 67 435
a 67 65 435
a 65 68 755
a 68 65 755
a 65 70 833
a 70 65 833
a 65 72 865
a 72 65 865
a 65 75 702
a 75 65 702
a 65 80 532
a 80 65 532
a 65 83 587
a 83 65 587
a 65 86 960
a 86 65 960
a 65 87 458
a 87 65 458
a 65 88 141
a 88 65 141
a 65 91 541
a 91 65 541
a 65 92 615
a 92 65 615
a 65 94 956
a 94 65 956
a 65 95 551
a 95 65 551
a 65 97 523
a 97 65 523
a 65 98 413
a 98 65 413
a 66 73 540
a 73 66 540
a 66 75 142
a 75 66 142
a 66 76 554
a 76 66 554
a 66 79 637
a 79 66 637
a 66 80 966
a 80 66 966
a 66 83 528
a 83 66 528
a 66 84 268
a 84 66 268
a 66 85 419
a 85 66 419
a 66 88 285
a 88 66 285
a 66 90 764
a 90 66 764
a 66 94 891
a 94 66 891
a 66 96 641
a 96 66 641
a 66 98 795
a 98 66 795
a 66 99 875
a 99 66 875
a 67 69 172
a 69 67 172
a 67 74 175
a 74 67 175
a 67 82 312
a 82 67 312
a 67 85 151
a 85 67 151
a 67 86 761
a 86 67 761
a 67 88 294
a 88 67 294
a 67 96 865
a 96 67 865
a 67 97 190
a 97 67 190
a 67 100 858
a 100 67 858
a 68 71 504
a 71 68 504
a 68 72 184
a 72 68 184
a 68 75 592
a 75 68 592
a 68 76 453
a 76 68 453
a 68 84 255
a 84 68 255
a 68 85 121
a 85 68 121
a 68 87 112
a 87 68 112
a 68 88 852
a 88 68 852
a 68 92 570
a 92 68 570
a 68 97 110
a 97 68 110
a 68 99 732
a 99 68 732
a 69 73 515
a 73 69 515
a 69 77 522
a 77 69 522
a 69 81 233
a 81 69 233
a 69 85 515
a 85 69 515
a 69 87 933
a 87 69 933
a 69 93 634
a 93 69 634
a 69 94 907
a 94 69 907
a 69 97 325
a 97 69 325
a 69 98 741
a 98 69 741
a 69 99 166
a 99 69 166
a 69 100 909
a 100 69 909
a 70 79 655
a 79 70 655
a 70 80 299
a 80 70 299
a 70 81 650
a 81 70 650
a 70 83 180
a 83 70 180
a 70 89 799
a 89 70 799
a 70 98 299
a 98 70 299
a 71 79 571
a 79 71 571
a 71 82 360
a 82 71 360
a 71 85 399
a 85 71 399
a 71 86 177
a 86 71 177
a 71 87 217
a 87 71 217
a 71 89 254
a 89 71 254
a 71 92 569
a 92 71 569
a 71 93 466
a 93 71 466
a 72 76 415
a 76 72 415
a 72 77 742
a 77 72 742
a 72 81 978
a 81 72 978
a 72 82 899
a 82 72 899
a 72 85 529
a 85 72 529
a 72 91 149
a 91 72 149
a 72 92 975
a 92 72 975
a 72 94 225
a 94 72 225
a 72 96 403
a 96 72 403
a 72 98 522
a 98 72 522
a 72 99 593
a 99 72 593
a 73 75 361
a 75 73 361
a 73 76 831
a 76 73 831
a 73 80 657
a 80 73 657
a 73 82 881
a 82 73 881
a 73 86 516
a 86 73 516
a 73 87 750
a 87 73 750
a 73 88 737
a 88 73 737
a 73 93 244
a 93 73 244
a 73 97 442
a 97 73 442
a 73 98 772
a 98 73 772
a 73 99 435
a 99 73 435
a 74 75 606
a 75 74 606
a 74 77 436
a 77 74 436
a 74 78 370
a 78 74 370
a 74 80 267
a 80 74 267
a 74 81 378
a 81 74 378
a 74 87 470
a 87 74 470
a 74 90 273
a 90 74 273
a 74 91 366
a 91 74 366
a 74 95 219
a 95 74 219
a 74 96 676
a 96 74 676
a 75 79 121
a 79 75 121
a 75 82 806
a 82 75 806
a 75 85 729
a 85 75 729
a 75 87 311
a 87 75 311
a 75 88 999
a 88 75 999
a 75 89 811
a 89 75 811
a 75 91 811
a 91 75 811
a 75 94 445
a 94 75 445
a 75 98 633
a 98 75 633
a 76 78 926
a 78 76 926
a 76 80 454
a 80 76 454
a 76 81 303
a 81 76 303
a 76 83 581
a 83 76 581
a 76 93 291
a 93 76 291
a 76 94 947
a 94 76 947
a 76 95 599
a 95 76 599
a 76 98 891
a 98 76 891
a 77 79 800
a 79 77 800
a 77 80 510
a 80 77 510
a 77 81 141
a 81 77 141
a 77 82 452
a 82 77 452
a 77 84 614
a 84 77 614
a 77 85 587
a 85 77 587
a 77 88 441
a 88 77 441
a 77 91 631
a 91 77 631
a 77 93 377
a 93 77 377
a 77 94 766
a 94 77 766
a 77 97 315
a 97 77 315
a 77 98 503
a 98 77 503
a 77 99 232
a 99 77 232
a 78 88 277
a 88 78 277
a 78 97 395
a 97 78 395
a 79 81 847
a 81 79 847
a 79 86 101
a 86 79 101
a 79 87 269
a 87 79 269
a 79 89 381
a 89 79 381
a 79 94 676
a 94 79 676
a 79 97 688
a 97 79 688
a 79 100 353
a 100 79 353
a 80 82 710
a 82 80 710
a 80 83 704
a 83 80 704
a 80 85 815
a 85 80 815
a 80 87 197
a 87 80 197
a 80 90 371
a 90 80 371
a 80 93 100
a 93 80 100
a 80 95 320
a 95 80 320
a 80 97 305
a 97 80 305
a 81 86 710
a 86 81 710
a 81 87 299
a 87 81 299
a 81 88 440
a 88 81 440
a 81 90 465
a 90 81 465
a 81 92 612
a 92 81 612
a 81 95 810
a 95 81 810
a 81 97 436
a 97 81 436
a 81 100 548
a 100 81 548
a 82 83 342
a 83 82 342
a 82 85 833
a 85 82 833
a 82 89 519
a 89 82 519
a 82 90 419
a 90 82 419
a 82 92 989
a 92 82 989
a 82 93 546
a 93 82 546
a 82 96 932
a 96 82 932
a 82 98 373
a 98 82 373
a 82 100 226
a 100 82 226
a 83 85 818
a 85 83 818
a 83 90 813
a 90 83 813
a 83 91 304
a 91 83 304
a 83 92 116
a 92 83 116
a 83 93 580
a 93 83 580
a 83 97 346
a 97 83 346
a 84 90 367
a 90 84 367
a 84 92 981
a 92 84 981
a 84 98 293
a 98 84 293
a 84 99 300
a 99 84 300
a 85 90 144
a 90 85 144
a 85 93 678
a 93 85 678
a 85 95 738
a 95 85 738
a 85 96 647
a 96 85 647
a 85 97 304
a 97 85 304
a 86 88 619
a 88 86 619
a 86 90 848
a 90 86 848
a 86 91 687
a 91 86 687
a 86 98 329
a 98 86 329
a 87 97 462
a 97 87 462
a 87 100 919
a 100 87 919
a 88 89 548
a 89 88 548
a 88 90 907
a 90 88 907
a 88 99 159
a 99 88 159
a 88 100 903
a 100 88 903
a 89 97 863
a 97 89 863
a 89 99 875
a 99 89 875
a 90 96 620
a 96 90 620
a 90 98 349
a 98 90 349
a 90 99 840
a 99 90 840
a 91 95 519
a 95 91 519
a 91 98 390
a 98 91 390
a 92 93 248
a 93 92 248
a 92 97 486
a 97 92 486
a 92 98 994
a 98 92 994
a 92 100 848
a 100 92 848
a 93 97 789
a 97 93 789
a 94 96 120
a 96 94 120
a 94 99 368
a 99 94 368
a 94 100 654
a 100 94 654
a 95 96 342
a 96 95 342
a 96 97 920
a 97 96 920
a 96 98 453
a 98 96 453
a 96 100 354
a 100 96 354
a 98 100 823
a 100 98 823
a 99 100 795
a 100 99 795
