p sp 100 1100
c
a 1 6 518
a 6 1 518
a 1 13 702
a 13 1 702
a 1 16 475
a 16 1 475
a 1 24 436
a 24 1 436
a 1 25 320
a 25 1 320
a 1 28 499
a 28 1 499
a 1 55 985
a 55 1 985
a 1 58 499
a 58 1 499
a 1 66 748
a 66 1 748
a 1 71 465
a 71 1 465
a 1 81 522
a 81 1 522
a 1 82 996
a 82 1 996
a 1 90 642
a 90 1 642
a 1 91 394
a 91 1 394
a 1 94 215
a 94 1 215
a 2 8 900
a 8 2 900
a 2 12 801
a 12 2 801
a 2 37 957
a 37 2 957
a 2 47 213
a 47 2 213
a 2 52 563
a 52 2 563
a 2 59 216
a 59 2 216
a 2 81 393
a 81 2 393
a 2 85 430
a 85 2 430
a 2 94 689
a 94 2 689
a 3 20 660
a 20 3 660
a 3 37 852
a 37 3 852
a 3 40 577
a 40 3 577
a 3 50 717
a 50 3 717
a 3 74 844
a 74 3 844
a 3 79 987
a 79 3 987
a 3 81 672
a 81 3 672
a 3 93 603
a 93 3 603
a 4 5 232
a 5 4 232
a 4 11 308
a 11 4 308
a 4 33 316
a 33 4 316
a 4 43 343
a 43 4 343
a 4 64 246
a 64 4 246
a 4 65 298
a 65 4 298
a 4 73 303
a 73 4 303
a 4 74 316
a 74 4 316
a 4 77 698
a 77 4 698
a 4 81 272
a 81 4 272
a 4 86 333
a 86 4 333
a 4 88 375
a 88 4 375
a 5 11 747
a 11 5 747
a 5 20 903
a 20 5 903
a 5 41 154
a 41 5 154
a 5 50 304
a 50 5 304
a 5 51 915
a 51 5 915
a 5 63 973
a 63 5 973
a 5 67 225
a 67 5 225
a 5 74 939
a 74 5 939
a 5 77 983
a 77 5 983
a 5 89 874
a 89 5 874
a 5 93 835
a 93 5 835
a 5 96 712
a 96 5 712
a 5 97 841
a 97 5 841
a 5 98 570
a 98 5 570
a 6 10 148
a 10 6 148
a 6 12 682
a 12 6 682
a 6 18 964
a 18 6 964
a 6 27 171
a 27 6 171
a 6 33 411
a 33 6 411
a 6 49 645
a 49 6 645
a 6 53 991
a 53 6 991
a 6 81 702
a 81 6 702
a 6 90 719
a 90 6 719
a 6 91 924
a 91 6 924
a 6 99 926
a 99 6 926
a 6 100 116
a 100 6 116
a 7 14 810
a 14 7 810
a 7 19 850
a 19 7 850
a 7 26 416
a 26 7 416
a 7 38 879
a 38 7 879
a 7 51 977
a 51 7 977
a 7 63 690
a 63 7 690
a 7 80 707
a 80 7 707
a 7 81 832
a 81 7 832
a 7 83 722
a 83 7 722
a 7 86 923
a 86 7 923
a 7 90 320
a 90 7 320
a 8 9 602
a 9 8 602
a 8 11 963
a 11 8 963
a 8 21 717
a 21 8 717
a 8 40 417
a 40 8 417
a 8 48 620
a 48 8 620
a 8 60 826
a 60 8 826
a 8 69 130
a 69 8 130
a 8 87 501
a 87 8 501
a 8 89 837
a 89 8 837
a 8 91 916
a 91 8 916
a 8 99 339
a 99 8 339
a 9 21 171
a 21 9 171
a 9 35 917
a 35 9 917
a 9 52 973
a 52 9 973
a 9 58 180
a 58 9 180
a 9 67 769
a 67 9 769
a 9 76 834
a 76 9 834
a 9 80 890
a 80 9 890
a 10 24 147
a 24 10 147
a 10 28 295
a 28 10 295
a 10 37 864
a 37 10 864
a 10 51 789
a 51 10 789
a 10 57 917
a 57 10 917
a 10 59 792
a 59 10 792
a 10 69 872
a 69 10 872
a 10 71 172
a 71 10 172
a 10 77 821
a 77 10 821
a 10 96 141
a 96 10 141
a 10 100 758
a 100 10 758
a 11 32 835
a 32 11 835
a 11 33 698
a 33 11 698
a 11 41 874
a 41 11 874
a 11 43 947
a 43 11 947
a 11 57 510
a 57 11 510
a 11 68 442
a 68 11 442
a 11 85 983
a 85 11 983
a 11 88 297
a 88 11 297
a 11 95 457
a 95 11 457
a 11 97 707
a 97 11 707
a 11 98 946
a 98 11 946
a 12 14 875
a 14 12 875
a 12 15 196
a 15 12 196
a 12 20 735
a 20 12 735
a 12 33 902
a 33 12 902
a 12 47 996
a 47 12 996
a 12 51 748
a 51 12 748
a 12 53 875
a 53 12 875
a 12 56 922
a 56 12 922
a 12 67 945
a 67 12 945
a 12 75 910
a 75 12 910
a 12 86 340
a 86 12 340
a 13 15 709
a 15 13 709
a 13 16 849
a 16 13 849
a 13 17 364
a 17 13 364
a 13 21 488
a 21 13 488
a 13 23 151
a 23 13 151
a 13 37 846
a 37 13 846
a 13 38 823
a 38 13 823
a 13 45 844
a 45 13 844
a 13 46 528
a 46 13 528
a 13 48 885
a 48 13 885
a 13 60 458
a 60 13 458
a 14 19 286
a 19 14 286
a 14 26 262
a 26 14 262
a 14 33 573
a 33 14 573
a 14 44 800
a 44 14 800
a 14 65 279
a 65 14 279
a 14 68 671
a 68 14 671
a 14 81 856
a 81 14 856
a 14 87 639
a 87 14 639
a 14 99 335
a 99 14 335
a 15 17 896
a 17 15 896
a 15 30 185
a 30 15 185
a 15 31 305
a 31 15 305
a 15 39 835
a 39 15 835
a 15 45 981
a 45 15 981
a 15 46 655
a 46 15 655
a 15 64 741
a 64 15 741
a 15 78 759
a 78 15 759
a 15 91 301
a 91 15 301
a 16 19 260
a 19 16 260
a 16 24 398
a 24 16 398
a 16 25 435
a 25 16 435
a 16 32 867
a 32 16 867
a 16 37 735
a 37 16 735
a 16 39 149
a 39 16 149
a 16 46 556
a 46 16 556
a 16 47 465
a 47 16 465
a 16 51 723
a 51 16 723
a 16 57 276
a 57 16 276
a 16 62 535
a 62 16 535
a 16 73 332
a 73 16 332
a 16 87 727
a 87 16 727
a 16 92 548
a 92 16 548
a 16 100 619
a 100 16 619
a 17 24 994
a 24 17 994
a 17 31 163
a 31 17 163
a 17 41 755
a 41 17 755
a 17 44 254
a 44 17 254
a 17 52 927
a 52 17 927
a 17 71 924
a 71 17 924
a 17 75 131
a 75 17 131
a 17 86 488
a 86 17 488
a 17 93 847
a 93 17 847
a 17 97 396
a 97 17 396
a 18 25 322
a 25 18 322
a 18 28 841
a 28 18 841
a 18 34 422
a 34 18 422
a 18 51 836
a 51 18 836
a 18 58 279
a 58 18 279
a 18 60 855
a 60 18 855
a 18 64 464
a 64 18 464
a 18 67 610
a 67 18 610
a 18 77 591
a 77 18 591
a 18 80 272
a 80 18 272
a 19 20 346
a 20 19 346
a 19 77 396
a 77 19 396
a 19 79 205
a 79 19 205
a 19 87 689
a 87 19 689
a 19 99 209
a 99 19 209
a 20 22 579
a 22 20 579
a 20 36 152
a 36 20 152
a 20 38 142
a 38 20 142
a 20 39 639
a 39 20 639
a 20 42 745
a 42 20 745
a 20 44 242
a 44 20 242
a 20 45 319
a 45 20 319
a 20 73 569
a 73 20 569
a 20 74 744
a 74 20 744
a 20 84 759
a 84 20 759
a 20 85 161
a 85 20 161
a 20 86 563
a 86 20 563
a 20 92 563
a 92 20 563
a 20 95 485
a 95 20 485
a 21 31 625
a 31 21 625
a 21 34 431
a 34 21 431
a 21 37 109
a 37 21 109
a 21 46 617
a 46 21 617
a 21 52 669
a 52 21 669
a 21 64 150
a 64 21 150
a 21 74 451
a 74 21 451
a 21 97 106
a 97 21 106
a 22 29 162
a 29 22 162
a 22 30 624
a 30 22 624
a 22 39 337
a 39 22 337
a 22 42 798
a 42 22 798
a 22 44 930
a 44 22 930
a 22 50 164
a 50 22 164
a 22 53 853
a 53 22 853
a 22 55 499
a 55 22 499
a 22 56 898
a 56 22 898
a 22 76 964
a 76 22 964
a 22 89 924
a 89 22 924
a 22 93 798
a 93 22 798
a 22 94 422
a 94 22 422
a 22 98 614
a 98 22 614
a 23 29 452
a 29 23 452
a 23 39 387
a 39 23 387
a 23 51 973
a 51 23 973
a 23 52 285
a 52 23 285
a 23 56 399
a 56 23 399
a 23 65 974
a 65 23 974
a 23 68 453
a 68 23 453
a 23 87 633
a 87 23 633
a 23 98 423
a 98 23 423
a 23 99 744
a 99 23 744
a 24 35 496
a 35 24 496
a 24 46 574
a 46 24 574
a 24 55 521
a 55 24 521
a 24 65 999
a 65 24 999
a 24 89 209
a 89 24 209
a 24 96 743
a 96 24 743
a 25 36 548
a 36 25 548
a 25 40 171
a 40 25 171
a 25 46 937
a 46 25 937
a 25 65 283
a 65 25 283
a 25 81 311
a 81 25 311
a 25 98 193
a 98 25 193
a 26 30 312
a 30 26 312
a 26 32 463
a 32 26 463
a 26 39 818
a 39 26 818
a 26 55 752
a 55 26 752
a 26 56 849
a 56 26 849
a 26 63 181
a 63 26 181
a 26 66 645
a 66 26 645
a 26 92 185
a 92 26 185
a 26 97 288
a 97 26 288
a 27 47 328
a 47 27 328
a 27 53 321
a 53 27 321
a 27 60 804
a 60 27 804
a 27 61 968
a 61 27 968
a 27 62 461
a 62 27 461
a 27 67 468
a 67 27 468
a 27 72 319
a 72 27 319
a 27 82 566
a 82 27 566
a 28 29 853
a 29 28 853
a 28 34 805
a 34 28 805
a 28 39 765
a 39 28 765
a 28 42 815
a 42 28 815
a 28 50 727
a 50 28 727
a 28 53 767
a 53 28 767
a 28 61 313
a 61 28 313
a 28 70 971
a 70 28 971
a 28 82 183
a 82 28 183
a 28 83 977
a 83 28 977
a 29 35 595
a 35 29 595
a 29 42 907
a 42 29 907
a 29 45 459
a 45 29 459
a 29 46 835
a 46 29 835
a 29 49 653
a 49 29 653
a 29 60 889
a 60 29 889
a 29 84 264
a 84 29 264
a 29 87 521
a 87 29 521
a 30 46 566
a 46 30 566
a 30 54 599
a 54 30 599
a 30 62 439
a 62 30 439
a 30 65 788
a 65 30 788
a 30 69 503
a 69 30 503
a 30 77 243
a 77 30 243
a 30 97 153
a 97 30 153
a 31 41 601
a 41 31 601
a 31 43 788
a 43 31 788
a 31 99 483
a 99 31 483
a 32 54 425
a 54 32 425
a 32 56 779
a 56 32 779
a 32 86 100
a 86 32 100
a 32 87 875
a 87 32 875
a 32 92 489
a 92 32 489
a 33 43 134
a 43 33 134
a 33 48 655
a 48 33 655
a 33 52 387
a 52 33 387
a 33 54 891
a 54 33 891
a 33 57 673
a 57 33 673
a 33 70 899
a 70 33 899
a 33 76 605
a 76 33 605
a 33 83 305
a 83 33 305
a 33 84 682
a 84 33 682
a 34 45 327
a 45 34 327
a 34 48 324
a 48 34 324
a 34 56 341
a 56 34 341
a 34 60 332
a 60 34 332
a 34 69 946
a 69 34 946
a 34 76 579
a 76 34 579
a 34 83 673
a 83 34 673
a 34 98 333
a 98 34 333
a 35 51 490
a 51 35 490
a 35 54 668
a 54 35 668
a 35 55 641
a 55 35 641
a 35 59 219
a 59 35 219
a 35 60 476
a 60 35 476
a 35 72 769
a 72 35 769
a 35 74 159
a 74 35 159
a 35 99 869
a 99 35 869
a 36 40 668
a 40 36 668
a 36 59 350
a 59 36 350
a 36 65 111
a 65 36 111
a 36 67 731
a 67 36 731
a 36 72 970
a 72 36 970
a 36 76 401
a 76 36 401
a 36 87 512
a 87 36 512
a 36 89 601
a 89 36 601
a 36 95 988
a 95 36 988
a 36 99 569
a 99 36 569
a 37 58 986
a 58 37 986
a 37 70 493
a 70 37 493
a 37 82 496
a 82 37 496
a 37 88 510
a 88 37 510
a 37 90 108
a 90 37 108
a 37 96 247
a 96 37 247
a 37 97 924
a 97 37 924
a 37 99 834
a 99 37 834
a 38 46 440
a 46 38 440
a 38 53 612
a 53 38 612
a 38 59 712
a 59 38 712
a 38 70 697
a 70 38 697
a 38 76 413
a 76 38 413
a 38 89 610
a 89 38 610
a 39 68 439
a 68 39 439
a 39 79 875
a 79 39 875
a 40 44 513
a 44 40 513
a 40 50 990
a 50 40 990
a 40 54 624
a 54 40 624
a 40 61 480
a 61 40 480
a 40 63 865
a 63 40 865
a 40 71 387
a 71 40 387
a 40 75 589
a 75 40 589
a 40 81 614
a 81 40 614
a 40 82 758
a 82 40 758
a 40 90 932
a 90 40 932
a 40 91 487
a 91 40 487
a 41 52 548
a 52 41 548
a 41 55 626
a 55 41 626
a 41 58 492
a 58 41 492
a 41 66 480
a 66 41 480
a 41 78 226
a 78 41 226
a 41 91 884
a 91 41 884
a 42 56 409
a 56 42 409
a 42 63 492
a 63 42 492
a 42 84 640
a 84 42 640
a 43 55 384
a 55 43 384
a 43 74 931
a 74 43 931
a 43 77 926
a 77 43 926
a 43 80 995
a 80 43 995
a 43 86 236
a 86 43 236
a 44 65 714
a 65 44 714
a 44 66 454
a 66 44 454
a 44 90 771
a 90 44 771
a 44 95 121
a 95 44 121
a 45 48 429
a 48 45 429
a 45 50 796
a 50 45 796
a 45 69 240
a 69 45 240
a 45 84 415
a 84 45 415
a 45 96 319
a 96 45 319
a 47 62 178
a 62 47 178
a 47 67 342
a 67 47 342
a 47 74 369
a 74 47 369
a 47 82 521
a 82 47 521
a 47 89 841
a 89 47 841
a 47 92 420
a 92 47 420
a 47 93 743
a 93 47 743
a 48 70 607
a 70 48 607
a 48 93 210
a 93 48 210
a 48 97 552
a 97 48 552
a 48 100 220
a 100 48 220
a 49 57 894
a 57 49 894
a 49 70 607
a 70 49 607
a 49 75 978
a 75 49 978
a 49 84 957
a 84 49 957
a 49 85 935
a 85 49 935
a 49 95 326
a 95 49 326
a 50 54 485
a 54 50 485
a 50 59 586
a 59 50 586
a 50 66 326
a 66 50 326
a 50 73 795
a 73 50 795
a 50 75 368
a 75 50 368
a 50 85 420
a 85 50 420
a 51 53 716
a 53 51 716
a 51 56 365
a 56 51 365
a 51 60 427
a 60 51 427
a 51 73 370
a 73 51 370
a 51 74 253
a 74 51 253
a 51 79 819
a 79 51 819
a 51 84 864
a 84 51 864
a 52 63 378
a 63 52 378
a 52 78 619
a 78 52 619
a 52 94 771
a 94 52 771
a 53 58 549
a 58 53 549
a 53 60 782
a 60 53 782
a 53 61 474
a 61 53 474
a 53 67 438
a 67 53 438
a 53 76 770
a 76 53 770
a 53 90 882
a 90 53 882
a 53 93 231
a 93 53 231
a 54 63 211
a 63 54 211
a 54 66 183
a 66 54 183
a 54 76 775
a 76 54 775
a 54 78 991
a 78 54 991
a 55 74 813
a 74 55 813
a 55 75 146
a 75 55 146
a 55 76 671
a 76 55 671
a 55 81 339
a 81 55 339
a 55 92 932
a 92 55 932
a 56 71 961
a 71 56 961
a 56 76 726
a 76 56 726
a 56 78 606
a 78 56 606
a 56 85 843
a 85 56 843
a 56 99 133
a 99 56 133
a 57 58 207
a 58 57 207
a 57 80 645
a 80 57 645
a 57 98 729
a 98 57 729
a 58 62 947
a 62 58 947
a 58 72 539
a 72 58 539
a 58 83 592
a 83 58 592
a 59 63 871
a 63 59 871
a 59 65 402
a 65 59 402
a 59 91 897
a 91 59 897
a 59 96 516
a 96 59 516
a 60 68 979
a 68 60 979
a 60 85 109
a 85 60 109
a 60 100 921
a 100 60 921
a 61 72 994
a 72 61 994
a 61 77 917
a 77 61 917
a 61 88 488
a 88 61 488
a 61 100 702
a 100 61 702
a 62 75 855
a 75 62 855
a 62 100 720
a 100 62 720
a 63 74 805
a 74 63 805
a 63 78 326
a 78 63 326
a 63 80 308
a 80 63 308
a 63 86 389
a 86 63 389
a 63 96 840
a 96 63 840
a 63 99 997
a 99 63 997
a 64 75 963
a 75 64 963
a 64 87 438
a 87 64 438
a 65 75 651
a 75 65 651
a 65 77 583
a 77 65 583
a 65 85 112
a 85 65 112
a 66 67 461
a 67 66 461
a 66 72 443
a 72 66 443
a 66 73 712
a 73 66 712
a 66 80 425
a 80 66 425
a 66 82 917
a 82 66 917
a 66 88 517
a 88 66 517
a 66 92 764
a 92 66 764
a 66 95 822
a 95 66 822
a 66 100 614
a 100 66 614
a 67 71 327
a 71 67 327
a 67 78 550
a 78 67 550
a 67 86 795
a 86 67 795
a 67 96 440
a 96 67 440
a 67 97 126
a 97 67 126
a 67 98 295
a 98 67 295
a 68 69 928
a 69 68 928
a 68 71 660
a 71 68 660
a 68 77 496
a 77 68 496
a 69 70 672
a 70 69 672
a 69 71 174
a 71 69 174
a 70 78 408
a 78 70 408
a 70 84 551
a 84 70 551
a 71 73 176
a 73 71 176
a 71 79 449
a 79 71 449
a 72 90 649
a 90 72 649
a 72 94 771
a 94 72 771
a 73 77 930
a 77 73 930
a 73 78 236
a 78 73 236
a 73 80 473
a 80 73 473
a 73 84 612
a 84 73 612
a 73 98 988
a 98 73 988
a 73 100 299
a 100 73 299
a 74 77 402
a 77 74 402
a 74 81 409
a 81 74 409
a 74 93 437
a 93 74 437
a 75 80 465
a 80 75 465
a 75 82 285
a 82 75 285
a 75 85 145
a 85 75 145
a 75 86 712
a 86 75 712
a 76 81 735
a 81 76 735
a 76 87 601
a 87 76 601
a 76 100 604
a 100 76 604
a 77 79 529
a 79 77 529
a 77 84 191
a 84 77 191
a 77 87 783
a 87 77 783
a 77 96 779
a 96 77 779
a 77 97 446
a 97 77 446
a 77 99 507
a 99 77 507
a 78 81 440
a 81 78 440
a 78 84 362
a 84 78 362
a 78 86 795
a 86 78 795
a 79 95 482
a 95 79 482
a 80 87 568
a 87 80 568
a 80 89 446
a 89 80 446
a 81 86 475
a 86 81 475
a 82 86 559
a 86 82 559
a 83 96 652
a 96 83 652
a 85 97 873
a 97 85 873
a 87 95 306
a 95 87 306
a 88 90 904
a 90 88 904
a 88 98 740
a 98 88 740
a 89 91 119
a 91 89 119
a 89 100 558
a 100 89 558
a 90 93 489
a 93 90 489
a 93 94 406
a 94 93 406
a 93 98 308
a 98 93 308
a 93 100 345
a 100 93 345
a 94 96 466
a 96 94 466
a 95 98 288
a 98 95 288
a 95 100 687
a 100 95 687
a 96 99 565
a 99 96 565
a 99 100 754
a 100 99 754
