p sp 100 4400
c
a 1 2 605
a 2 1 605
a 1 3 385
a 3 1 385
a 1 4 906
a 4 1 906
a 1 7 551
a 7 1 551
a 1 8 418
a 8 1 418
a 1 10 153
a 10 1 153
a 1 13 327
a 13 1 327
a 1 21 357
a 21 1 357
a 1 24 834
a 24 1 834
a 1 25 194
a 25 1 194
a 1 26 487
a 26 1 487
a 1 29 735
a 29 1 735
a 1 30 878
a 30 1 878
a 1 37 641
a 37 1 641
a 1 38 108
a 38 1 108
a 1 40 725
a 40 1 725
a 1 41 858
a 41 1 858
a 1 45 572
a 45 1 572
a 1 51 112
a 51 1 112
a 1 52 117
a 52 1 117
a 1 53 522
a 53 1 522
a 1 54 110
a 54 1 110
a 1 55 394
a 55 1 394
a 1 57 489
a 57 1 489
a 1 59 198
a 59 1 198
a 1 60 439
a 60 1 439
a 1 63 911
a 63 1 911
a 1 64 755
a 64 1 755
a 1 67 162
a 67 1 162
a 1 70 449
a 70 1 449
a 1 71 781
a 71 1 781
a 1 72 506
a 72 1 506
a 1 76 862
a 76 1 862
a 1 82 765
a 82 1 765
a 1 83 261
a 83 1 261
a 1 86 108
a 86 1 108
a 1 91 293
a 91 1 293
a 1 95 406
a 95 1 406
a 1 97 572
a 97 1 572
a 1 100 242
a 100 1 242
a 2 3 696
a 3 2 696
a 2 4 283
a 4 2 283
a 2 7 637
a 7 2 637
a 2 8 664
a 8 2 664
a 2 11 498
a 11 2 498
a 2 12 891
a 12 2 891
a 2 15 494
a 15 2 494
a 2 16 339
a 16 2 339
a 2 17 514
a 17 2 514
a 2 18 201
a 18 2 201
a 2 19 720
a 19 2 720
a 2 21 690
a 21 2 690
a 2 22 340
a 22 2 340
a 2 23 342
a 23 2 342
a 2 30 381
a 30 2 381
a 2 31 676
a 31 2 676
a 2 32 886
a 32 2 886
a 2 34 154
a 34 2 154
a 2 36 741
a 36 2 741
a 2 37 741
a 37 2 741
a 2 42 979
a 42 2 979
a 2 43 914
a 43 2 914
a 2 45 400
a 45 2 400
a 2 50 836
a 50 2 836
a 2 54 247
a 54 2 247
a 2 56 687
a 56 2 687
a 2 57 429
a 57 2 429
a 2 59 160
a 59 2 160
a 2 60 926
a 60 2 926
a 2 61 542
a 61 2 542
a 2 63 560
a 63 2 560
a 2 64 942
a 64 2 942
a 2 66 971
a 66 2 971
a 2 69 129
a 69 2 129
a 2 70 672
a 70 2 672
a 2 71 294
a 71 2 294
a 2 73 344
a 73 2 344
a 2 76 682
a 76 2 682
a 2 77 117
a 77 2 117
a 2 78 994
a 78 2 994
a 2 79 806
a 79 2 806
a 2 80 725
a 80 2 725
a 2 82 251
a 82 2 251
a 2 83 784
a 83 2 784
a 2 86 765
a 86 2 765
a 2 89 154
a 89 2 154
a 2 93 166
a 93 2 166
a 2 95 555
a 95 2 555
a 2 96 452
a 96 2 452
a 3 5 476
a 5 3 476
a 3 6 519
a 6 3 519
a 3 11 648
a 11 3 648
a 3 15 951
a 15 3 951
a 3 19 974
a 19 3 974
a 3 21 860
a 21 3 860
a 3 25 512
a 25 3 512
a 3 30 564
a 30 3 564
a 3 31 220
a 31 3 220
a 3 34 242
a 34 3 242
a 3 44 717
a 44 3 717
a 3 45 978
a 45 3 978
a 3 47 563
a 47 3 563
a 3 50 416
a 50 3 416
a 3 53 585
a 53 3 585
a 3 54 119
a 54 3 119
a 3 55 109
a 55 3 109
a 3 58 990
a 58 3 990
a 3 60 1000
a 60 3 1000
a 3 64 386
a 64 3 386
a 3 66 848
a 66 3 848
a 3 73 628
a 73 3 628
a 3 76 661
a 76 3 661
a 3 77 237
a 77 3 237
a 3 81 365
a 81 3 365
a 3 84 423
a 84 3 423
a 3 86 983
a 86 3 983
a 3 87 496
a 87 3 496
a 3 88 958
a 88 3 958
a 3 90 787
a 90 3 787
a 3 91 279
a 91 3 279
a 3 93 103
a 93 3 103
a 3 95 661
a 95 3 661
a 3 96 661
a 96 3 661
a 3 98 651
a 98 3 651
a 3 99 364
a 99 3 364
a 4 5 926
a 5 4 926
a 4 6 181
a 6 4 181
a 4 7 344
a 7 4 344
a 4 11 961
a 11 4 961
a 4 15 848
a 15 4 848
a 4 16 124
a 16 4 124
a 4 17 191
a 17 4 191
a 4 18 955
a 18 4 955
a 4 19 608
a 19 4 608
a 4 24 200
a 24 4 200
a 4 26 915
a 26 4 915
a 4 27 382
a 27 4 382
a 4 29 689
a 29 4 689
a 4 34 324
a 34 4 324
a 4 35 502
a 35 4 502
a 4 37 215
a 37 4 215
a 4 39 945
a 39 4 945
a 4 40 935
a 40 4 935
a 4 44 507
a 44 4 507
a 4 48 816
a 48 4 816
a 4 51 547
a 51 4 547
a 4 52 323
a 52 4 323
a 4 53 180
a 53 4 180
a 4 54 753
a 54 4 753
a 4 55 313
a 55 4 313
a 4 56 717
a 56 4 717
a 4 57 571
a 57 4 571
a 4 58 390
a 58 4 390
a 4 62 210
a 62 4 210
a 4 64 747
a 64 4 747
a 4 66 421
a 66 4 421
a 4 67 954
a 67 4 954
a 4 69 471
a 69 4 471
a 4 70 492
a 70 4 492
a 4 71 766
a 71 4 766
a 4 74 239
a 74 4 239
a 4 79 307
a 79 4 307
a 4 80 566
a 80 4 566
a 4 82 969
a 82 4 969
a 4 86 479
a 86 4 479
a 4 87 297
a 87 4 297
a 4 88 794
a 88 4 794
a 4 89 997
a 89 4 997
a 4 92 681
a 92 4 681
a 4 94 542
a 94 4 542
a 4 95 736
a 95 4 736
a 5 7 300
a 7 5 300
a 5 8 944
a 8 5 944
a 5 9 877
a 9 5 877
a 5 12 266
a 12 5 266
a 5 14 830
a 14 5 830
a 5 15 978
a 15 5 978
a 5 17 860
a 17 5 860
a 5 19 758
a 19 5 758
a 5 23 989
a 23 5 989
a 5 25 911
a 25 5 911
a 5 26 390
a 26 5 390
a 5 27 426
a 27 5 426
a 5 29 788
a 29 5 788
a 5 35 442
a 35 5 442
a 5 36 646
a 36 5 646
a 5 37 690
a 37 5 690
a 5 39 115
a 39 5 115
a 5 41 305
a 41 5 305
a 5 43 291
a 43 5 291
a 5 45 968
a 45 5 968
a 5 46 520
a 46 5 520
a 5 48 598
a 48 5 598
a 5 49 681
a 49 5 681
a 5 50 168
a 50 5 168
a 5 55 200
a 55 5 200
a 5 60 860
a 60 5 860
a 5 63 544
a 63 5 544
a 5 64 171
a 64 5 171
a 5 68 851
a 68 5 851
a 5 69 550
a 69 5 550
a 5 74 899
a 74 5 899
a 5 75 656
a 75 5 656
a 5 80 622
a 80 5 622
a 5 86 368
a 86 5 368
a 5 88 498
a 88 5 498
a 5 89 695
a 89 5 695
a 5 90 170
a 90 5 170
a 5 91 148
a 91 5 148
a 5 94 877
a 94 5 877
a 5 95 131
a 95 5 131
a 5 96 647
a 96 5 647
a 5 97 310
a 97 5 310
a 5 99 892
a 99 5 892
a 5 100 532
a 100 5 532
a 6 8 734
a 8 6 734
a 6 10 764
a 10 6 764
a 6 11 968
a 11 6 968
a 6 15 215
a 15 6 215
a 6 17 545
a 17 6 545
a 6 19 202
a 19 6 202
a 6 22 499
a 22 6 499
a 6 23 768
a 23 6 768
a 6 24 162
a 24 6 162
a 6 28 907
a 28 6 907
a 6 32 973
a 32 6 973
a 6 35 272
a 35 6 272
a 6 37 313
a 37 6 313
a 6 38 638
a 38 6 638
a 6 39 999
a 39 6 999
a 6 40 839
a 40 6 839
a 6 44 249
a 44 6 249
a 6 46 774
a 46 6 774
a 6 50 211
a 50 6 211
a 6 51 227
a 51 6 227
a 6 56 889
a 56 6 889
a 6 58 749
a 58 6 749
a 6 59 200
a 59 6 200
a 6 61 722
a 61 6 722
a 6 63 534
a 63 6 534
a 6 65 352
a 65 6 352
a 6 68 915
a 68 6 915
a 6 69 783
a 69 6 783
a 6 74 367
a 74 6 367
a 6 76 453
a 76 6 453
a 6 77 757
a 77 6 757
a 6 80 238
a 80 6 238
a 6 82 255
a 82 6 255
a 6 84 781
a 84 6 781
a 6 86 787
a 86 6 787
a 6 88 821
a 88 6 821
a 6 89 812
a 89 6 812
a 6 90 447
a 90 6 447
a 6 91 402
a 91 6 402
a 6 93 984
a 93 6 984
a 6 94 464
a 94 6 464
a 6 99 766
a 99 6 766
a 6 100 781
a 100 6 781
a 7 8 740
a 8 7 740
a 7 13 404
a 13 7 404
a 7 14 851
a 14 7 851
a 7 16 319
a 16 7 319
a 7 20 641
a 20 7 641
a 7 23 111
a 23 7 111
a 7 24 623
a 24 7 623
a 7 27 526
a 27 7 526
a 7 28 864
a 28 7 864
a 7 31 964
a 31 7 964
a 7 32 409
a 32 7 409
a 7 33 697
a 33 7 697
a 7 34 134
a 34 7 134
a 7 35 875
a 35 7 875
a 7 39 472
a 39 7 472
a 7 44 629
a 44 7 629
a 7 49 258
a 49 7 258
a 7 50 350
a 50 7 350
a 7 55 388
a 55 7 388
a 7 56 776
a 56 7 776
a 7 59 515
a 59 7 515
a 7 63 567
a 63 7 567
a 7 64 563
a 64 7 563
a 7 67 281
a 67 7 281
a 7 69 472
a 69 7 472
a 7 70 277
a 70 7 277
a 7 72 133
a 72 7 133
a 7 74 713
a 74 7 713
a 7 75 795
a 75 7 795
a 7 76 893
a 76 7 893
a 7 80 573
a 80 7 573
a 7 83 104
a 83 7 104
a 7 86 368
a 86 7 368
a 7 89 899
a 89 7 899
a 7 90 523
a 90 7 523
a 7 97 649
a 97 7 649
a 7 98 763
a 98 7 763
a 7 100 972
a 100 7 972
a 8 9 590
a 9 8 590
a 8 10 354
a 10 8 354
a 8 12 255
a 12 8 255
a 8 15 241
a 15 8 241
a 8 17 369
a 17 8 369
a 8 18 552
a 18 8 552
a 8 21 139
a 21 8 139
a 8 25 370
a 25 8 370
a 8 26 612
a 26 8 612
a 8 28 165
a 28 8 165
a 8 30 103
a 30 8 103
a 8 33 136
a 33 8 136
a 8 34 117
a 34 8 117
a 8 42 777
a 42 8 777
a 8 43 547
a 43 8 547
a 8 46 636
a 46 8 636
a 8 47 955
a 47 8 955
a 8 48 688
a 48 8 688
a 8 50 892
a 50 8 892
a 8 53 905
a 53 8 905
a 8 57 755
a 57 8 755
a 8 58 660
a 58 8 660
a 8 59 388
a 59 8 388
a 8 61 435
a 61 8 435
a 8 63 242
a 63 8 242
a 8 70 825
a 70 8 825
a 8 73 387
a 73 8 387
a 8 76 952
a 76 8 952
a 8 79 279
a 79 8 279
a 8 80 487
a 80 8 487
a 8 82 952
a 82 8 952
a 8 83 379
a 83 8 379
a 8 88 741
a 88 8 741
a 8 89 552
a 89 8 552
a 8 90 109
a 90 8 109
a 8 93 360
a 93 8 360
a 8 94 554
a 94 8 554
a 8 97 487
a 97 8 487
a 8 98 224
a 98 8 224
a 9 12 318
a 12 9 318
a 9 17 231
a 17 9 231
a 9 19 892
a 19 9 892
a 9 26 702
a 26 9 702
a 9 27 532
a 27 9 532
a 9 30 422
a 30 9 422
a 9 32 712
a 32 9 712
a 9 37 409
a 37 9 409
a 9 38 781
a 38 9 781
a 9 39 725
a 39 9 725
a 9 40 203
a 40 9 203
a 9 42 428
a 42 9 428
a 9 43 149
a 43 9 149
a 9 44 968
a 44 9 968
a 9 45 303
a 45 9 303
a 9 46 723
a 46 9 723
a 9 47 466
a 47 9 466
a 9 50 112
a 50 9 112
a 9 51 452
a 51 9 452
a 9 56 327
a 56 9 327
a 9 60 823
a 60 9 823
a 9 63 746
a 63 9 746
a 9 64 832
a 64 9 832
a 9 68 290
a 68 9 290
a 9 69 766
a 69 9 766
a 9 73 718
a 73 9 718
a 9 76 207
a 76 9 207
a 9 80 487
a 80 9 487
a 9 83 790
a 83 9 790
a 9 84 198
a 84 9 198
a 9 86 534
a 86 9 534
a 9 88 726
a 88 9 726
a 9 90 420
a 90 9 420
a 9 92 293
a 92 9 293
a 9 93 411
a 93 9 411
a 9 95 801
a 95 9 801
a 10 18 591
a 18 10 591
a 10 19 677
a 19 10 677
a 10 20 711
a 20 10 711
a 10 28 358
a 28 10 358
a 10 29 821
a 29 10 821
a 10 36 838
a 36 10 838
a 10 43 514
a 43 10 514
a 10 44 283
a 44 10 283
a 10 53 150
a 53 10 150
a 10 54 608
a 54 10 608
a 10 56 935
a 56 10 935
a 10 57 628
a 57 10 628
a 10 59 434
a 59 10 434
a 10 60 181
a 60 10 181
a 10 62 609
a 62 10 609
a 10 64 264
a 64 10 264
a 10 65 189
a 65 10 189
a 10 66 263
a 66 10 263
a 10 68 999
a 68 10 999
a 10 70 644
a 70 10 644
a 10 71 142
a 71 10 142
a 10 72 348
a 72 10 348
a 10 78 264
a 78 10 264
a 10 79 202
a 79 10 202
a 10 80 741
a 80 10 741
a 10 84 652
a 84 10 652
a 10 89 196
a 89 10 196
a 10 90 867
a 90 10 867
a 10 91 636
a 91 10 636
a 10 92 726
a 92 10 726
a 10 95 764
a 95 10 764
a 10 98 372
a 98 10 372
a 10 100 985
a 100 10 985
a 11 22 372
a 22 11 372
a 11 26 879
a 26 11 879
a 11 27 545
a 27 11 545
a 11 32 268
a 32 11 268
a 11 33 556
a 33 11 556
a 11 35 953
a 35 11 953
a 11 36 547
a 36 11 547
a 11 37 620
a 37 11 620
a 11 39 219
a 39 11 219
a 11 42 903
a 42 11 903
a 11 44 237
a 44 11 237
a 11 47 913
a 47 11 913
a 11 50 130
a 50 11 130
a 11 52 807
a 52 11 807
a 11 57 147
a 57 11 147
a 11 58 367
a 58 11 367
a 11 59 851
a 59 11 851
a 11 61 796
a 61 11 796
a 11 62 819
a 62 11 819
a 11 68 326
a 68 11 326
a 11 70 278
a 70 11 278
a 11 73 291
a 73 11 291
a 11 75 203
a 75 11 203
a 11 76 234
a 76 11 234
a 11 85 235
a 85 11 235
a 11 86 263
a 86 11 263
a 11 88 328
a 88 11 328
a 11 91 414
a 91 11 414
a 11 92 530
a 92 11 530
a 11 95 612
a 95 11 612
a 11 97 389
a 97 11 389
a 11 98 125
a 98 11 125
a 11 99 578
a 99 11 578
a 11 100 910
a 100 11 910
a 12 13 895
a 13 12 895
a 12 15 966
a 15 12 966
a 12 16 975
a 16 12 975
a 12 18 247
a 18 12 247
a 12 20 421
a 20 12 421
a 12 21 306
a 21 12 306
a 12 23 773
a 23 12 773
a 12 26 565
a 26 12 565
a 12 28 926
a 28 12 926
a 12 30 996
a 30 12 996
a 12 35 537
a 35 12 537
a 12 37 478
a 37 12 478
a 12 38 865
a 38 12 865
a 12 44 610
a 44 12 610
a 12 46 343
a 46 12 343
a 12 47 247
a 47 12 247
a 12 51 613
a 51 12 613
a 12 53 302
a 53 12 302
a 12 55 460
a 55 12 460
a 12 57 681
a 57 12 681
a 12 58 329
a 58 12 329
a 12 62 917
a 62 12 917
a 12 64 891
a 64 12 891
a 12 65 999
a 65 12 999
a 12 67 565
a 67 12 565
a 12 77 317
a 77 12 317
a 12 79 407
a 79 12 407
a 12 83 550
a 83 12 550
a 12 84 410
a 84 12 410
a 12 86 390
a 86 12 390
a 12 89 303
a 89 12 303
a 12 91 744
a 91 12 744
a 12 92 415
a 92 12 415
a 12 96 878
a 96 12 878
a 12 97 866
a 97 12 866
a 12 99 378
a 99 12 378
a 13 16 805
a 16 13 805
a 13 18 113
a 18 13 113
a 13 22 112
a 22 13 112
a 13 25 586
a 25 13 586
a 13 26 614
a 26 13 614
a 13 27 769
a 27 13 769
a 13 28 374
a 28 13 374
a 13 29 996
a 29 13 996
a 13 31 914
a 31 13 914
a 13 32 216
a 32 13 216
a 13 34 793
a 34 13 793
a 13 41 841
a 41 13 841
a 13 42 495
a 42 13 495
a 13 47 234
a 47 13 234
a 13 48 595
a 48 13 595
a 13 52 825
a 52 13 825
a 13 55 873
a 55 13 873
a 13 57 339
a 57 13 339
a 13 58 477
a 58 13 477
a 13 60 724
a 60 13 724
a 13 61 879
a 61 13 879
a 13 62 656
a 62 13 656
a 13 65 659
a 65 13 659
a 13 66 272
a 66 13 272
a 13 68 829
a 68 13 829
a 13 70 476
a 70 13 476
a 13 73 763
a 73 13 763
a 13 74 151
a 74 13 151
a 13 76 109
a 76 13 109
a 13 78 348
a 78 13 348
a 13 79 165
a 79 13 165
a 13 82 524
a 82 13 524
a 13 84 235
a 84 13 235
a 13 86 386
a 86 13 386
a 13 90 631
a 90 13 631
a 13 91 391
a 91 13 391
a 13 97 283
a 97 13 283
a 13 98 396
a 98 13 396
a 13 100 360
a 100 13 360
a 14 16 208
a 16 14 208
a 14 19 677
a 19 14 677
a 14 22 658
a 22 14 658
a 14 23 526
a 23 14 526
a 14 24 537
a 24 14 537
a 14 25 406
a 25 14 406
a 14 27 587
a 27 14 587
a 14 28 1000
a 28 14 1000
a 14 30 983
a 30 14 983
a 14 31 178
a 31 14 178
a 14 33 938
a 33 14 938
a 14 38 133
a 38 14 133
a 14 40 805
a 40 14 805
a 14 42 758
a 42 14 758
a 14 44 943
a 44 14 943
a 14 45 298
a 45 14 298
a 14 49 217
a 49 14 217
a 14 50 890
a 50 14 890
a 14 52 416
a 52 14 416
a 14 54 797
a 54 14 797
a 14 56 132
a 56 14 132
a 14 59 794
a 59 14 794
a 14 60 553
a 60 14 553
a 14 62 975
a 62 14 975
a 14 68 430
a 68 14 430
a 14 71 911
a 71 14 911
a 14 73 910
a 73 14 910
a 14 75 115
a 75 14 115
a 14 78 616
a 78 14 616
a 14 79 499
a 79 14 499
a 14 81 935
a 81 14 935
a 14 82 233
a 82 14 233
a 14 87 501
a 87 14 501
a 14 89 461
a 89 14 461
a 14 90 967
a 90 14 967
a 14 93 586
a 93 14 586
a 14 95 180
a 95 14 180
a 14 96 228
a 96 14 228
a 14 97 907
a 97 14 907
a 14 98 176
a 98 14 176
a 15 16 159
a 16 15 159
a 15 19 209
a 19 15 209
a 15 22 949
a 22 15 949
a 15 25 590
a 25 15 590
a 15 27 260
a 27 15 260
a 15 28 139
a 28 15 139
a 15 29 325
a 29 15 325
a 15 32 129
a 32 15 129
a 15 43 231
a 43 15 231
a 15 46 547
a 46 15 547
a 15 49 634
a 49 15 634
a 15 51 496
a 51 15 496
a 15 52 322
a 52 15 322
a 15 53 305
a 53 15 305
a 15 55 718
a 55 15 718
a 15 60 864
a 60 15 864
a 15 61 152
a 61 15 152
a 15 63 886
a 63 15 886
a 15 64 731
a 64 15 731
a 15 66 654
a 66 15 654
a 15 70 180
a 70 15 180
a 15 71 207
a 71 15 207
a 15 72 203
a 72 15 203
a 15 73 951
a 73 15 951
a 15 75 176
a 75 15 176
a 15 76 816
a 76 15 816
a 15 77 100
a 77 15 100
a 15 81 338
a 81 15 338
a 15 82 458
a 82 15 458
a 15 84 940
a 84 15 940
a 15 86 135
a 86 15 135
a 15 88 143
a 88 15 143
a 15 92 946
a 92 15 946
a 15 96 644
a 96 15 644
a 15 97 396
a 97 15 396
a 15 98 607
a 98 15 607
a 16 18 399
a 18 16 399
a 16 21 214
a 21 16 214
a 16 22 838
a 22 16 838
a 16 24 109
a 24 16 109
a 16 25 192
a 25 16 192
a 16 29 173
a 29 16 173
a 16 30 154
a 30 16 154
a 16 34 922
a 34 16 922
a 16 36 293
a 36 16 293
a 16 39 502
a 39 16 502
a 16 40 375
a 40 16 375
a 16 43 817
a 43 16 817
a 16 51 978
a 51 16 978
a 16 52 549
a 52 16 549
a 16 55 943
a 55 16 943
a 16 64 705
a 64 16 705
a 16 67 820
a 67 16 820
a 16 69 803
a 69 16 803
a 16 73 114
a 73 16 114
a 16 75 765
a 75 16 765
a 16 77 772
a 77 16 772
a 16 82 861
a 82 16 861
a 16 84 795
a 84 16 795
a 16 85 570
a 85 16 570
a 16 87 932
a 87 16 932
a 16 88 741
a 88 16 741
a 16 89 251
a 89 16 251
a 16 90 728
a 90 16 728
a 16 91 415
a 91 16 415
a 16 93 173
a 93 16 173
a 16 94 712
a 94 16 712
a 16 99 690
a 99 16 690
a 17 18 614
a 18 17 614
a 17 22 162
a 22 17 162
a 17 25 982
a 25 17 982
a 17 26 849
a 26 17 849
a 17 31 512
a 31 17 512
a 17 32 591
a 32 17 591
a 17 33 576
a 33 17 576
a 17 35 669
a 35 17 669
a 17 39 998
a 39 17 998
a 17 41 309
a 41 17 309
a 17 42 248
a 42 17 248
a 17 43 203
a 43 17 203
a 17 44 240
a 44 17 240
a 17 46 168
a 46 17 168
a 17 49 389
a 49 17 389
a 17 50 743
a 50 17 743
a 17 52 763
a 52 17 763
a 17 56 888
a 56 17 888
a 17 57 457
a 57 17 457
a 17 60 525
a 60 17 525
a 17 65 204
a 65 17 204
a 17 67 855
a 67 17 855
a 17 70 153
a 70 17 153
a 17 71 693
a 71 17 693
a 17 72 674
a 72 17 674
a 17 73 870
a 73 17 870
a 17 74 501
a 74 17 501
a 17 75 555
a 75 17 555
a 17 79 264
a 79 17 264
a 17 80 916
a 80 17 916
a 17 82 948
a 82 17 948
a 17 92 352
a 92 17 352
a 17 93 896
a 93 17 896
a 17 94 494
a 94 17 494
a 17 97 414
a 97 17 414
a 17 100 949
a 100 17 949
a 18 20 462
a 20 18 462
a 18 21 721
a 21 18 721
a 18 22 829
a 22 18 829
a 18 23 481
a 23 18 481
a 18 24 908
a 24 18 908
a 18 25 886
a 25 18 886
a 18 28 445
a 28 18 445
a 18 32 872
a 32 18 872
a 18 33 440
a 33 18 440
a 18 34 137
a 34 18 137
a 18 36 202
a 36 18 202
a 18 39 654
a 39 18 654
a 18 40 391
a 40 18 391
a 18 41 738
a 41 18 738
a 18 43 588
a 43 18 588
a 18 47 359
a 47 18 359
a 18 48 318
a 48 18 318
a 18 49 247
a 49 18 247
a 18 53 566
a 53 18 566
a 18 54 502
a 54 18 502
a 18 57 809
a 57 18 809
a 18 60 591
a 60 18 591
a 18 62 725
a 62 18 725
a 18 67 718
a 67 18 718
a 18 69 964
a 69 18 964
a 18 71 457
a 71 18 457
a 18 73 675
a 73 18 675
a 18 76 234
a 76 18 234
a 18 79 320
a 79 18 320
a 18 81 216
a 81 18 216
a 18 82 416
a 82 18 416
a 18 83 458
a 83 18 458
a 18 85 568
a 85 18 568
a 18 87 919
a 87 18 919
a 18 90 228
a 90 18 228
a 18 96 991
a 96 18 991
a 18 99 625
a 99 18 625
a 19 21 482
a 21 19 482
a 19 25 654
a 25 19 654
a 19 27 898
a 27 19 898
a 19 29 762
a 29 19 762
a 19 32 625
a 32 19 625
a 19 33 773
a 33 19 773
a 19 35 224
a 35 19 224
a 19 37 893
a 37 19 893
a 19 40 379
a 40 19 379
a 19 41 764
a 41 19 764
a 19 43 439
a 43 19 439
a 19 53 347
a 53 19 347
a 19 54 592
a 54 19 592
a 19 56 815
a 56 19 815
a 19 57 973
a 57 19 973
a 19 59 319
a 59 19 319
a 19 66 105
a 66 19 105
a 19 72 335
a 72 19 335
a 19 74 121
a 74 19 121
a 19 81 716
a 81 19 716
a 19 82 555
a 82 19 555
a 19 85 974
a 85 19 974
a 19 86 220
a 86 19 220
a 19 88 466
a 88 19 466
a 19 89 677
a 89 19 677
a 19 90 219
a 90 19 219
a 19 91 527
a 91 19 527
a 19 95 871
a 95 19 871
a 19 96 650
a 96 19 650
a 19 97 271
a 97 19 271
a 19 98 917
a 98 19 917
a 19 99 565
a 99 19 565
a 20 21 297
a 21 20 297
a 20 22 661
a 22 20 661
a 20 23 486
a 23 20 486
a 20 25 820
a 25 20 820
a 20 26 345
a 26 20 345
a 20 27 330
a 27 20 330
a 20 30 616
a 30 20 616
a 20 31 552
a 31 20 552
a 20 33 481
a 33 20 481
a 20 34 810
a 34 20 810
a 20 36 591
a 36 20 591
a 20 41 452
a 41 20 452
a 20 42 851
a 42 20 851
a 20 45 606
a 45 20 606
a 20 47 301
a 47 20 301
a 20 48 667
a 48 20 667
a 20 49 318
a 49 20 318
a 20 51 705
a 51 20 705
a 20 56 755
a 56 20 755
a 20 59 487
a 59 20 487
a 20 60 620
a 60 20 620
a 20 61 234
a 61 20 234
a 20 62 961
a 62 20 961
a 20 63 280
a 63 20 280
a 20 64 492
a 64 20 492
a 20 65 255
a 65 20 255
a 20 66 403
a 66 20 403
a 20 68 819
a 68 20 819
a 20 69 623
a 69 20 623
a 20 71 751
a 71 20 751
a 20 75 534
a 75 20 534
a 20 76 558
a 76 20 558
a 20 77 958
a 77 20 958
a 20 80 574
a 80 20 574
a 20 81 658
a 81 20 658
a 20 83 740
a 83 20 740
a 20 84 246
a 84 20 246
a 20 86 590
a 86 20 590
a 20 87 994
a 87 20 994
a 20 88 265
a 88 20 265
a 20 89 559
a 89 20 559
a 20 91 371
a 91 20 371
a 20 92 263
a 92 20 263
a 20 96 680
a 96 20 680
a 20 97 203
a 97 20 203
a 20 100 546
a 100 20 546
a 21 22 726
a 22 21 726
a 21 24 786
a 24 21 786
a 21 25 484
a 25 21 484
a 21 29 488
a 29 21 488
a 21 34 399
a 34 21 399
a 21 35 600
a 35 21 600
a 21 41 558
a 41 21 558
a 21 44 267
a 44 21 267
a 21 45 927
a 45 21 927
a 21 46 237
a 46 21 237
a 21 49 262
a 49 21 262
a 21 54 260
a 54 21 260
a 21 55 543
a 55 21 543
a 21 56 936
a 56 21 936
a 21 58 321
a 58 21 321
a 21 61 555
a 61 21 555
a 21 67 383
a 67 21 383
a 21 68 800
a 68 21 800
a 21 70 884
a 70 21 884
a 21 72 299
a 72 21 299
a 21 73 105
a 73 21 105
a 21 74 347
a 74 21 347
a 21 79 363
a 79 21 363
a 21 81 215
a 81 21 215
a 21 84 959
a 84 21 959
a 21 85 319
a 85 21 319
a 21 91 731
a 91 21 731
a 21 93 347
a 93 21 347
a 21 94 270
a 94 21 270
a 21 95 326
a 95 21 326
a 21 96 725
a 96 21 725
a 21 97 218
a 97 21 218
a 21 98 449
a 98 21 449
a 21 99 718
a 99 21 718
a 21 100 684
a 100 21 684
a 22 26 322
a 26 22 322
a 22 27 250
a 27 22 250
a 22 28 577
a 28 22 577
a 22 29 140
a 29 22 140
a 22 31 154
a 31 22 154
a 22 32 331
a 32 22 331
a 22 37 384
a 37 22 384
a 22 38 111
a 38 22 111
a 22 41 838
a 41 22 838
a 22 44 439
a 44 22 439
a 22 47 328
a 47 22 328
a 22 48 604
a 48 22 604
a 22 49 268
a 49 22 268
a 22 54 887
a 54 22 887
a 22 56 311
a 56 22 311
a 22 57 570
a 57 22 570
a 22 58 951
a 58 22 951
a 22 66 885
a 66 22 885
a 22 69 278
a 69 22 278
a 22 70 487
a 70 22 487
a 22 75 237
a 75 22 237
a 22 76 422
a 76 22 422
a 22 77 855
a 77 22 855
a 22 79 412
a 79 22 412
a 22 86 725
a 86 22 725
a 22 89 487
a 89 22 487
a 22 91 957
a 91 22 957
a 22 92 675
a 92 22 675
a 22 93 943
a 93 22 943
a 22 96 408
a 96 22 408
a 22 97 321
a 97 22 321
a 22 98 808
a 98 22 808
a 22 99 143
a 99 22 143
a 22 100 894
a 100 22 894
a 23 26 535
a 26 23 535
a 23 27 131
a 27 23 131
a 23 33 120
a 33 23 120
a 23 36 287
a 36 23 287
a 23 39 514
a 39 23 514
a 23 40 302
a 40 23 302
a 23 46 358
a 46 23 358
a 23 50 481
a 50 23 481
a 23 54 385
a 54 23 385
a 23 55 622
a 55 23 622
a 23 60 366
a 60 23 366
a 23 68 428
a 68 23 428
a 23 71 168
a 71 23 168
a 23 72 986
a 72 23 986
a 23 75 793
a 75 23 793
a 23 80 905
a 80 23 905
a 23 81 168
a 81 23 168
a 23 84 242
a 84 23 242
a 23 87 299
a 87 23 299
a 23 90 286
a 90 23 286
a 23 92 949
a 92 23 949
a 23 94 479
a 94 23 479
a 23 95 859
a 95 23 859
a 23 98 342
a 98 23 342
a 23 99 928
a 99 23 928
a 24 27 167
a 27 24 167
a 24 28 633
a 28 24 633
a 24 30 155
a 30 24 155
a 24 31 308
a 31 24 308
a 24 32 577
a 32 24 577
a 24 33 215
a 33 24 215
a 24 34 171
a 34 24 171
a 24 36 680
a 36 24 680
a 24 39 612
a 39 24 612
a 24 41 758
a 41 24 758
a 24 42 684
a 42 24 684
a 24 46 166
a 46 24 166
a 24 47 802
a 47 24 802
a 24 48 794
a 48 24 794
a 24 52 150
a 52 24 150
a 24 56 528
a 56 24 528
a 24 57 227
a 57 24 227
a 24 58 335
a 58 24 335
a 24 59 383
a 59 24 383
a 24 61 673
a 61 24 673
a 24 62 375
a 62 24 375
a 24 64 853
a 64 24 853
a 24 65 939
a 65 24 939
a 24 66 926
a 66 24 926
a 24 67 265
a 67 24 265
a 24 72 365
a 72 24 365
a 24 74 388
a 74 24 388
a 24 80 978
a 80 24 978
a 24 81 269
a 81 24 269
a 24 86 364
a 86 24 364
a 24 89 940
a 89 24 940
a 24 91 576
a 91 24 576
a 24 93 532
a 93 24 532
a 24 95 416
a 95 24 416
a 24 99 918
a 99 24 918
a 24 100 718
a 100 24 718
a 25 27 286
a 27 25 286
a 25 36 885
a 36 25 885
a 25 37 275
a 37 25 275
a 25 38 553
a 38 25 553
a 25 42 304
a 42 25 304
a 25 44 809
a 44 25 809
a 25 45 601
a 45 25 601
a 25 46 840
a 46 25 840
a 25 47 239
a 47 25 239
a 25 50 327
a 50 25 327
a 25 53 184
a 53 25 184
a 25 54 581
a 54 25 581
a 25 57 372
a 57 25 372
a 25 58 835
a 58 25 835
a 25 66 404
a 66 25 404
a 25 72 862
a 72 25 862
a 25 76 467
a 76 25 467
a 25 77 953
a 77 25 953
a 25 78 756
a 78 25 756
a 25 80 409
a 80 25 409
a 25 81 564
a 81 25 564
a 25 82 565
a 82 25 565
a 25 84 175
a 84 25 175
a 25 85 420
a 85 25 420
a 25 87 855
a 87 25 855
a 25 91 120
a 91 25 120
a 25 93 733
a 93 25 733
a 25 94 418
a 94 25 418
a 25 96 523
a 96 25 523
a 26 29 583
a 29 26 583
a 26 40 989
a 40 26 989
a 26 42 162
a 42 26 162
a 26 46 715
a 46 26 715
a 26 51 647
a 51 26 647
a 26 55 216
a 55 26 216
a 26 56 757
a 56 26 757
a 26 57 631
a 57 26 631
a 26 60 814
a 60 26 814
a 26 61 332
a 61 26 332
a 26 62 472
a 62 26 472
a 26 68 319
a 68 26 319
a 26 69 372
a 69 26 372
a 26 70 554
a 70 26 554
a 26 71 356
a 71 26 356
a 26 72 231
a 72 26 231
a 26 74 677
a 74 26 677
a 26 78 994
a 78 26 994
a 26 79 269
a 79 26 269
a 26 81 823
a 81 26 823
a 26 82 675
a 82 26 675
a 26 83 796
a 83 26 796
a 26 90 647
a 90 26 647
a 26 91 455
a 91 26 455
a 26 95 660
a 95 26 660
a 26 96 244
a 96 26 244
a 26 99 422
a 99 26 422
a 27 29 453
a 29 27 453
a 27 30 799
a 30 27 799
a 27 34 598
a 34 27 598
a 27 35 887
a 35 27 887
a 27 36 773
a 36 27 773
a 27 38 727
a 38 27 727
a 27 42 107
a 42 27 107
a 27 51 481
a 51 27 481
a 27 55 218
a 55 27 218
a 27 56 240
a 56 27 240
a 27 59 694
a 59 27 694
a 27 61 488
a 61 27 488
a 27 64 605
a 64 27 605
a 27 66 434
a 66 27 434
a 27 68 313
a 68 27 313
a 27 75 246
a 75 27 246
a 27 76 467
a 76 27 467
a 27 79 473
a 79 27 473
a 27 80 308
a 80 27 308
a 27 84 609
a 84 27 609
a 27 85 234
a 85 27 234
a 27 86 243
a 86 27 243
a 27 87 483
a 87 27 483
a 27 89 597
a 89 27 597
a 27 92 227
a 92 27 227
a 27 95 485
a 95 27 485
a 27 100 829
a 100 27 829
a 28 30 477
a 30 28 477
a 28 31 965
a 31 28 965
a 28 32 864
a 32 28 864
a 28 33 454
a 33 28 454
a 28 34 417
a 34 28 417
a 28 35 627
a 35 28 627
a 28 36 280
a 36 28 280
a 28 37 704
a 37 28 704
a 28 38 308
a 38 28 308
a 28 40 465
a 40 28 465
a 28 42 276
a 42 28 276
a 28 44 830
a 44 28 830
a 28 45 991
a 45 28 991
a 28 47 187
a 47 28 187
a 28 48 197
a 48 28 197
a 28 50 104
a 50 28 104
a 28 51 452
a 51 28 452
a 28 52 854
a 52 28 854
a 28 56 748
a 56 28 748
a 28 57 407
a 57 28 407
a 28 59 778
a 59 28 778
a 28 60 823
a 60 28 823
a 28 61 256
a 61 28 256
a 28 63 647
a 63 28 647
a 28 65 249
a 65 28 249
a 28 73 471
a 73 28 471
a 28 80 347
a 80 28 347
a 28 86 543
a 86 28 543
a 28 89 282
a 89 28 282
a 28 91 421
a 91 28 421
a 28 93 736
a 93 28 736
a 28 94 205
a 94 28 205
a 28 96 419
a 96 28 419
a 28 98 719
a 98 28 719
a 29 40 953
a 40 29 953
a 29 41 937
a 41 29 937
a 29 42 547
a 42 29 547
a 29 44 357
a 44 29 357
a 29 52 654
a 52 29 654
a 29 54 950
a 54 29 950
a 29 56 601
a 56 29 601
a 29 59 337
a 59 29 337
a 29 68 635
a 68 29 635
a 29 69 133
a 69 29 133
a 29 72 948
a 72 29 948
a 29 75 376
a 75 29 376
a 29 76 515
a 76 29 515
a 29 77 281
a 77 29 281
a 29 78 739
a 78 29 739
a 29 80 961
a 80 29 961
a 29 86 248
a 86 29 248
a 29 88 759
a 88 29 759
a 29 89 956
a 89 29 956
a 29 90 250
a 90 29 250
a 29 92 139
a 92 29 139
a 29 95 105
a 95 29 105
a 29 96 944
a 96 29 944
a 29 97 713
a 97 29 713
a 29 100 235
a 100 29 235
a 30 31 296
a 31 30 296
a 30 33 635
a 33 30 635
a 30 35 781
a 35 30 781
a 30 38 925
a 38 30 925
a 30 40 143
a 40 30 143
a 30 41 459
a 41 30 459
a 30 42 601
a 42 30 601
a 30 43 719
a 43 30 719
a 30 46 874
a 46 30 874
a 30 49 368
a 49 30 368
a 30 52 654
a 52 30 654
a 30 56 504
a 56 30 504
a 30 60 459
a 60 30 459
a 30 61 147
a 61 30 147
a 30 63 716
a 63 30 716
a 30 65 903
a 65 30 903
a 30 68 271
a 68 30 271
a 30 70 540
a 70 30 540
a 30 72 145
a 72 30 145
a 30 73 907
a 73 30 907
a 30 75 716
a 75 30 716
a 30 78 585
a 78 30 585
a 30 79 774
a 79 30 774
a 30 82 486
a 82 30 486
a 30 84 808
a 84 30 808
a 30 85 822
a 85 30 822
a 30 86 640
a 86 30 640
a 30 88 602
a 88 30 602
a 30 89 992
a 89 30 992
a 30 90 478
a 90 30 478
a 30 95 767
a 95 30 767
a 30 96 370
a 96 30 370
a 31 33 480
a 33 31 480
a 31 43 883
a 43 31 883
a 31 46 839
a 46 31 839
a 31 47 449
a 47 31 449
a 31 49 670
a 49 31 670
a 31 50 784
a 50 31 784
a 31 51 779
a 51 31 779
a 31 52 991
a 52 31 991
a 31 55 182
a 55 31 182
a 31 58 794
a 58 31 794
a 31 59 858
a 59 31 858
a 31 62 533
a 62 31 533
a 31 63 937
a 63 31 937
a 31 65 980
a 65 31 980
a 31 66 113
a 66 31 113
a 31 68 975
a 68 31 975
a 31 71 467
a 71 31 467
a 31 72 937
a 72 31 937
a 31 73 778
a 73 31 778
a 31 74 1000
a 74 31 1000
a 31 76 342
a 76 31 342
a 31 77 825
a 77 31 825
a 31 78 103
a 78 31 103
a 31 85 961
a 85 31 961
a 31 86 366
a 86 31 366
a 31 87 740
a 87 31 740
a 31 88 357
a 88 31 357
a 31 91 918
a 91 31 918
a 31 93 246
a 93 31 246
a 31 94 595
a 94 31 595
a 31 96 184
a 96 31 184
a 31 100 951
a 100 31 951
a 32 33 922
a 33 32 922
a 32 35 990
a 35 32 990
a 32 37 662
a 37 32 662
a 32 38 986
a 38 32 986
a 32 39 621
a 39 32 621
a 32 41 449
a 41 32 449
a 32 42 764
a 42 32 764
a 32 43 996
a 43 32 996
a 32 45 793
a 45 32 793
a 32 46 976
a 46 32 976
a 32 48 137
a 48 32 137
a 32 49 162
a 49 32 162
a 32 52 833
a 52 32 833
a 32 53 667
a 53 32 667
a 32 57 195
a 57 32 195
a 32 59 418
a 59 32 418
a 32 62 420
a 62 32 420
a 32 63 253
a 63 32 253
a 32 67 929
a 67 32 929
a 32 68 938
a 68 32 938
a 32 69 808
a 69 32 808
a 32 73 201
a 73 32 201
a 32 75 441
a 75 32 441
a 32 80 212
a 80 32 212
a 32 81 306
a 81 32 306
a 32 82 322
a 82 32 322
a 32 84 415
a 84 32 415
a 32 86 668
a 86 32 668
a 32 93 626
a 93 32 626
a 32 95 539
a 95 32 539
a 32 96 720
a 96 32 720
a 32 98 463
a 98 32 463
a 32 100 369
a 100 32 369
a 33 35 829
a 35 33 829
a 33 38 606
a 38 33 606
a 33 42 368
a 42 33 368
a 33 48 556
a 48 33 556
a 33 50 793
a 50 33 793
a 33 51 644
a 51 33 644
a 33 53 726
a 53 33 726
a 33 56 883
a 56 33 883
a 33 58 332
a 58 33 332
a 33 59 752
a 59 33 752
a 33 60 147
a 60 33 147
a 33 61 962
a 61 33 962
a 33 62 884
a 62 33 884
a 33 63 654
a 63 33 654
a 33 65 447
a 65 33 447
a 33 68 568
a 68 33 568
a 33 69 248
a 69 33 248
a 33 71 553
a 71 33 553
a 33 76 389
a 76 33 389
a 33 77 910
a 77 33 910
a 33 78 456
a 78 33 456
a 33 81 837
a 81 33 837
a 33 82 366
a 82 33 366
a 33 83 305
a 83 33 305
a 33 85 852
a 85 33 852
a 33 86 927
a 86 33 927
a 33 87 212
a 87 33 212
a 33 89 545
a 89 33 545
a 33 91 289
a 91 33 289
a 33 94 164
a 94 33 164
a 33 97 705
a 97 33 705
a 33 99 187
a 99 33 187
a 33 100 960
a 100 33 960
a 34 35 750
a 35 34 750
a 34 39 849
a 39 34 849
a 34 40 406
a 40 34 406
a 34 42 760
a 42 34 760
a 34 44 412
a 44 34 412
a 34 50 666
a 50 34 666
a 34 52 308
a 52 34 308
a 34 53 780
a 53 34 780
a 34 56 183
a 56 34 183
a 34 57 257
a 57 34 257
a 34 59 166
a 59 34 166
a 34 64 357
a 64 34 357
a 34 65 667
a 65 34 667
a 34 69 684
a 69 34 684
a 34 71 481
a 71 34 481
a 34 72 320
a 72 34 320
a 34 78 522
a 78 34 522
a 34 81 988
a 81 34 988
a 34 82 947
a 82 34 947
a 34 91 611
a 91 34 611
a 34 93 676
a 93 34 676
a 34 95 990
a 95 34 990
a 34 97 929
a 97 34 929
a 34 99 953
a 99 34 953
a 35 37 733
a 37 35 733
a 35 40 501
a 40 35 501
a 35 43 621
a 43 35 621
a 35 46 508
a 46 35 508
a 35 52 483
a 52 35 483
a 35 53 244
a 53 35 244
a 35 58 448
a 58 35 448
a 35 59 698
a 59 35 698
a 35 60 132
a 60 35 132
a 35 62 630
a 62 35 630
a 35 63 120
a 63 35 120
a 35 65 499
a 65 35 499
a 35 68 912
a 68 35 912
a 35 72 137
a 72 35 137
a 35 75 153
a 75 35 153
a 35 76 461
a 76 35 461
a 35 77 882
a 77 35 882
a 35 79 329
a 79 35 329
a 35 83 653
a 83 35 653
a 35 87 305
a 87 35 305
a 35 89 619
a 89 35 619
a 35 93 416
a 93 35 416
a 35 94 659
a 94 35 659
a 35 96 368
a 96 35 368
a 35 98 179
a 98 35 179
a 35 100 149
a 100 35 149
a 36 39 519
a 39 36 519
a 36 40 934
a 40 36 934
a 36 42 258
a 42 36 258
a 36 47 292
a 47 36 292
a 36 49 130
a 49 36 130
a 36 51 132
a 51 36 132
a 36 52 851
a 52 36 851
a 36 53 646
a 53 36 646
a 36 57 112
a 57 36 112
a 36 58 300
a 58 36 300
a 36 60 225
a 60 36 225
a 36 61 427
a 61 36 427
a 36 62 954
a 62 36 954
a 36 63 166
a 63 36 166
a 36 64 702
a 64 36 702
a 36 67 484
a 67 36 484
a 36 69 506
a 69 36 506
a 36 70 292
a 70 36 292
a 36 71 219
a 71 36 219
a 36 72 745
a 72 36 745
a 36 74 930
a 74 36 930
a 36 77 786
a 77 36 786
a 36 78 170
a 78 36 170
a 36 83 810
a 83 36 810
a 36 89 511
a 89 36 511
a 36 92 357
a 92 36 357
a 36 94 395
a 94 36 395
a 36 95 414
a 95 36 414
a 36 97 886
a 97 36 886
a 37 39 325
a 39 37 325
a 37 44 686
a 44 37 686
a 37 45 508
a 45 37 508
a 37 48 399
a 48 37 399
a 37 51 562
a 51 37 562
a 37 52 830
a 52 37 830
a 37 53 344
a 53 37 344
a 37 54 290
a 54 37 290
a 37 56 688
a 56 37 688
a 37 60 259
a 60 37 259
a 37 62 453
a 62 37 453
a 37 63 415
a 63 37 415
a 37 65 132
a 65 37 132
a 37 70 339
a 70 37 339
a 37 72 824
a 72 37 824
a 37 73 251
a 73 37 251
a 37 77 680
a 77 37 680
a 37 83 736
a 83 37 736
a 37 84 937
a 84 37 937
a 37 85 840
a 85 37 840
a 37 89 652
a 89 37 652
a 37 90 802
a 90 37 802
a 37 92 611
a 92 37 611
a 37 94 582
a 94 37 582
a 37 95 889
a 95 37 889
a 37 98 421
a 98 37 421
a 38 40 252
a 40 38 252
a 38 42 506
a 42 38 506
a 38 46 116
a 46 38 116
a 38 47 706
a 47 38 706
a 38 48 663
a 48 38 663
a 38 49 753
a 49 38 753
a 38 50 714
a 50 38 714
a 38 51 718
a 51 38 718
a 38 52 354
a 52 38 354
a 38 53 843
a 53 38 843
a 38 54 920
a 54 38 920
a 38 55 866
a 55 38 866
a 38 57 372
a 57 38 372
a 38 61 719
a 61 38 719
a 38 66 598
a 66 38 598
a 38 68 578
a 68 38 578
a 38 69 304
a 69 38 304
a 38 71 247
a 71 38 247
a 38 81 490
a 81 38 490
a 38 82 187
a 82 38 187
a 38 83 158
a 83 38 158
a 38 84 816
a 84 38 816
a 38 85 777
a 85 38 777
a 38 86 327
a 86 38 327
a 38 89 882
a 89 38 882
a 38 90 794
a 90 38 794
a 38 92 459
a 92 38 459
a 38 97 614
a 97 38 614
a 38 98 151
a 98 38 151
a 39 41 743
a 41 39 743
a 39 42 650
a 42 39 650
a 39 44 454
a 44 39 454
a 39 45 358
a 45 39 358
a 39 46 404
a 46 39 404
a 39 48 858
a 48 39 858
a 39 49 870
a 49 39 870
a 39 50 369
a 50 39 369
a 39 53 914
a 53 39 914
a 39 54 288
a 54 39 288
a 39 55 948
a 55 39 948
a 39 56 606
a 56 39 606
a 39 57 529
a 57 39 529
a 39 59 682
a 59 39 682
a 39 60 748
a 60 39 748
a 39 63 674
a 63 39 674
a 39 65 984
a 65 39 984
a 39 66 102
a 66 39 102
a 39 67 844
a 67 39 844
a 39 71 196
a 71 39 196
a 39 73 496
a 73 39 496
a 39 76 233
a 76 39 233
a 39 77 921
a 77 39 921
a 39 80 544
a 80 39 544
a 39 85 615
a 85 39 615
a 39 87 577
a 87 39 577
a 39 88 836
a 88 39 836
a 39 90 902
a 90 39 902
a 39 91 639
a 91 39 639
a 39 92 648
a 92 39 648
a 39 97 699
a 97 39 699
a 39 99 196
a 99 39 196
a 40 44 799
a 44 40 799
a 40 45 635
a 45 40 635
a 40 47 913
a 47 40 913
a 40 50 869
a 50 40 869
a 40 51 186
a 51 40 186
a 40 52 932
a 52 40 932
a 40 55 671
a 55 40 671
a 40 56 533
a 56 40 533
a 40 59 230
a 59 40 230
a 40 69 765
a 69 40 765
a 40 71 745
a 71 40 745
a 40 72 285
a 72 40 285
a 40 73 215
a 73 40 215
a 40 74 446
a 74 40 446
a 40 75 907
a 75 40 907
a 40 76 384
a 76 40 384
a 40 77 911
a 77 40 911
a 40 80 784
a 80 40 784
a 40 81 243
a 81 40 243
a 40 83 435
a 83 40 435
a 40 84 348
a 84 40 348
a 40 86 151
a 86 40 151
a 40 90 147
a 90 40 147
a 40 92 534
a 92 40 534
a 40 93 843
a 93 40 843
a 40 94 814
a 94 40 814
a 40 95 672
a 95 40 672
a 40 96 187
a 96 40 187
a 40 97 281
a 97 40 281
a 40 98 244
a 98 40 244
a 40 100 714
a 100 40 714
a 41 42 306
a 42 41 306
a 41 45 976
a 45 41 976
a 41 46 890
a 46 41 890
a 41 48 747
a 48 41 747
a 41 51 252
a 51 41 252
a 41 54 103
a 54 41 103
a 41 57 314
a 57 41 314
a 41 58 124
a 58 41 124
a 41 59 160
a 59 41 160
a 41 60 135
a 60 41 135
a 41 65 512
a 65 41 512
a 41 67 441
a 67 41 441
a 41 69 757
a 69 41 757
a 41 74 714
a 74 41 714
a 41 75 509
a 75 41 509
a 41 77 460
a 77 41 460
a 41 81 623
a 81 41 623
a 41 83 913
a 83 41 913
a 41 85 415
a 85 41 415
a 41 86 658
a 86 41 658
a 41 87 355
a 87 41 355
a 41 90 376
a 90 41 376
a 41 91 295
a 91 41 295
a 41 92 812
a 92 41 812
a 41 93 694
a 93 41 694
a 41 96 119
a 96 41 119
a 41 98 323
a 98 41 323
a 41 100 937
a 100 41 937
a 42 43 830
a 43 42 830
a 42 44 844
a 44 42 844
a 42 45 566
a 45 42 566
a 42 48 861
a 48 42 861
a 42 49 196
a 49 42 196
a 42 54 580
a 54 42 580
a 42 55 513
a 55 42 513
a 42 58 334
a 58 42 334
a 42 59 811
a 59 42 811
a 42 61 310
a 61 42 310
a 42 68 384
a 68 42 384
a 42 70 287
a 70 42 287
a 42 72 145
a 72 42 145
a 42 77 546
a 77 42 546
a 42 80 473
a 80 42 473
a 42 82 528
a 82 42 528
a 42 83 482
a 83 42 482
a 42 86 166
a 86 42 166
a 42 88 485
a 88 42 485
a 42 90 801
a 90 42 801
a 42 91 463
a 91 42 463
a 42 94 904
a 94 42 904
a 42 95 233
a 95 42 233
a 42 96 585
a 96 42 585
a 42 98 330
a 98 42 330
a 43 51 914
a 51 43 914
a 43 52 590
a 52 43 590
a 43 55 472
a 55 43 472
a 43 60 977
a 60 43 977
a 43 64 921
a 64 43 921
a 43 65 213
a 65 43 213
a 43 66 132
a 66 43 132
a 43 67 512
a 67 43 512
a 43 70 477
a 70 43 477
a 43 71 923
a 71 43 923
a 43 72 802
a 72 43 802
a 43 74 925
a 74 43 925
a 43 75 964
a 75 43 964
a 43 77 519
a 77 43 519
a 43 78 618
a 78 43 618
a 43 79 902
a 79 43 902
a 43 81 310
a 81 43 310
a 43 82 148
a 82 43 148
a 43 83 998
a 83 43 998
a 43 88 927
a 88 43 927
a 43 95 766
a 95 43 766
a 43 96 130
a 96 43 130
a 43 98 905
a 98 43 905
a 43 99 108
a 99 43 108
a 44 45 687
a 45 44 687
a 44 49 700
a 49 44 700
a 44 50 134
a 50 44 134
a 44 51 650
a 51 44 650
a 44 52 955
a 52 44 955
a 44 53 232
a 53 44 232
a 44 54 529
a 54 44 529
a 44 56 176
a 56 44 176
a 44 57 390
a 57 44 390
a 44 58 633
a 58 44 633
a 44 59 846
a 59 44 846
a 44 65 816
a 65 44 816
a 44 68 891
a 68 44 891
a 44 69 345
a 69 44 345
a 44 70 247
a 70 44 247
a 44 71 164
a 71 44 164
a 44 72 954
a 72 44 954
a 44 73 203
a 73 44 203
a 44 75 583
a 75 44 583
a 44 76 932
a 76 44 932
a 44 77 198
a 77 44 198
a 44 81 668
a 81 44 668
a 44 84 394
a 84 44 394
a 44 85 176
a 85 44 176
a 44 87 983
a 87 44 983
a 44 91 251
a 91 44 251
a 44 93 536
a 93 44 536
a 44 97 615
a 97 44 615
a 44 98 425
a 98 44 425
a 44 100 435
a 100 44 435
a 45 46 330
a 46 45 330
a 45 47 522
a 47 45 522
a 45 48 963
a 48 45 963
a 45 51 468
a 51 45 468
a 45 52 758
a 52 45 758
a 45 53 350
a 53 45 350
a 45 55 461
a 55 45 461
a 45 57 800
a 57 45 800
a 45 59 425
a 59 45 425
a 45 63 933
a 63 45 933
a 45 64 984
a 64 45 984
a 45 65 537
a 65 45 537
a 45 69 208
a 69 45 208
a 45 71 550
a 71 45 550
a 45 73 993
a 73 45 993
a 45 74 112
a 74 45 112
a 45 75 153
a 75 45 153
a 45 78 705
a 78 45 705
a 45 79 645
a 79 45 645
a 45 80 864
a 80 45 864
a 45 84 906
a 84 45 906
a 45 88 657
a 88 45 657
a 45 90 132
a 90 45 132
a 45 91 611
a 91 45 611
a 45 93 277
a 93 45 277
a 45 95 369
a 95 45 369
a 45 96 909
a 96 45 909
a 45 97 413
a 97 45 413
a 45 98 199
a 98 45 199
a 45 100 942
a 100 45 942
a 46 47 367
a 47 46 367
a 46 55 109
a 55 46 109
a 46 61 303
a 61 46 303
a 46 63 128
a 63 46 128
a 46 65 253
a 65 46 253
a 46 66 580
a 66 46 580
a 46 67 466
a 67 46 466
a 46 68 469
a 68 46 469
a 46 73 975
a 73 46 975
a 46 74 259
a 74 46 259
a 46 75 564
a 75 46 564
a 46 78 294
a 78 46 294
a 46 81 572
a 81 46 572
a 46 83 941
a 83 46 941
a 46 87 842
a 87 46 842
a 46 88 644
a 88 46 644
a 46 89 477
a 89 46 477
a 46 92 582
a 92 46 582
a 46 95 531
a 95 46 531
a 46 96 790
a 96 46 790
a 46 98 867
a 98 46 867
a 46 99 209
a 99 46 209
a 47 48 381
a 48 47 381
a 47 49 920
a 49 47 920
a 47 52 333
a 52 47 333
a 47 53 392
a 53 47 392
a 47 56 135
a 56 47 135
a 47 58 500
a 58 47 500
a 47 60 635
a 60 47 635
a 47 61 871
a 61 47 871
a 47 62 486
a 62 47 486
a 47 63 352
a 63 47 352
a 47 64 897
a 64 47 897
a 47 68 659
a 68 47 659
a 47 72 219
a 72 47 219
a 47 73 710
a 73 47 710
a 47 74 860
a 74 47 860
a 47 75 673
a 75 47 673
a 47 77 607
a 77 47 607
a 47 78 124
a 78 47 124
a 47 80 947
a 80 47 947
a 47 82 319
a 82 47 319
a 47 84 971
a 84 47 971
a 47 85 149
a 85 47 149
a 47 87 313
a 87 47 313
a 47 91 900
a 91 47 900
a 47 92 344
a 92 47 344
a 47 94 815
a 94 47 815
a 47 95 280
a 95 47 280
a 47 97 343
a 97 47 343
a 47 98 963
a 98 47 963
a 47 99 555
a 99 47 555
a 48 49 308
a 49 48 308
a 48 50 477
a 50 48 477
a 48 52 909
a 52 48 909
a 48 53 274
a 53 48 274
a 48 54 270
a 54 48 270
a 48 55 123
a 55 48 123
a 48 57 343
a 57 48 343
a 48 60 223
a 60 48 223
a 48 65 775
a 65 48 775
a 48 66 958
a 66 48 958
a 48 67 923
a 67 48 923
a 48 69 851
a 69 48 851
a 48 74 311
a 74 48 311
a 48 75 110
a 75 48 110
a 48 78 920
a 78 48 920
a 48 80 616
a 80 48 616
a 48 81 157
a 81 48 157
a 48 82 383
a 82 48 383
a 48 83 454
a 83 48 454
a 48 87 660
a 87 48 660
a 48 89 558
a 89 48 558
a 48 93 209
a 93 48 209
a 49 50 994
a 50 49 994
a 49 53 580
a 53 49 580
a 49 54 722
a 54 49 722
a 49 55 248
a 55 49 248
a 49 57 475
a 57 49 475
a 49 60 818
a 60 49 818
a 49 64 141
a 64 49 141
a 49 68 582
a 68 49 582
a 49 72 929
a 72 49 929
a 49 74 590
a 74 49 590
a 49 78 408
a 78 49 408
a 49 81 909
a 81 49 909
a 49 82 425
a 82 49 425
a 49 85 946
a 85 49 946
a 49 87 165
a 87 49 165
a 49 88 951
a 88 49 951
a 49 89 341
a 89 49 341
a 49 90 306
a 90 49 306
a 49 92 495
a 92 49 495
a 49 93 836
a 93 49 836
a 49 95 857
a 95 49 857
a 49 98 890
a 98 49 890
a 49 100 500
a 100 49 500
a 50 51 483
a 51 50 483
a 50 57 847
a 57 50 847
a 50 58 545
a 58 50 545
a 50 60 531
a 60 50 531
a 50 64 660
a 64 50 660
a 50 67 329
a 67 50 329
a 50 70 380
a 70 50 380
a 50 71 763
a 71 50 763
a 50 83 768
a 83 50 768
a 50 84 638
a 84 50 638
a 50 85 799
a 85 50 799
a 50 89 849
a 89 50 849
a 50 90 436
a 90 50 436
a 50 92 256
a 92 50 256
a 50 93 833
a 93 50 833
a 50 94 379
a 94 50 379
a 50 95 614
a 95 50 614
a 50 96 457
a 96 50 457
a 50 97 767
a 97 50 767
a 50 98 495
a 98 50 495
a 50 100 801
a 100 50 801
a 51 53 821
a 53 51 821
a 51 54 528
a 54 51 528
a 51 55 268
a 55 51 268
a 51 57 456
a 57 51 456
a 51 58 552
a 58 51 552
a 51 61 262
a 61 51 262
a 51 63 440
a 63 51 440
a 51 64 968
a 64 51 968
a 51 67 294
a 67 51 294
a 51 68 373
a 68 51 373
a 51 71 790
a 71 51 790
a 51 72 998
a 72 51 998
a 51 74 386
a 74 51 386
a 51 79 622
a 79 51 622
a 51 80 999
a 80 51 999
a 51 82 246
a 82 51 246
a 51 83 139
a 83 51 139
a 51 84 666
a 84 51 666
a 51 88 377
a 88 51 377
a 51 89 409
a 89 51 409
a 51 90 272
a 90 51 272
a 51 94 312
a 94 51 312
a 51 96 662
a 96 51 662
a 51 97 361
a 97 51 361
a 51 98 343
a 98 51 343
a 51 99 383
a 99 51 383
a 52 55 275
a 55 52 275
a 52 56 319
a 56 52 319
a 52 57 235
a 57 52 235
a 52 58 666
a 58 52 666
a 52 59 942
a 59 52 942
a 52 65 974
a 65 52 974
a 52 66 379
a 66 52 379
a 52 68 117
a 68 52 117
a 52 69 587
a 69 52 587
a 52 70 269
a 70 52 269
a 52 72 307
a 72 52 307
a 52 81 402
a 81 52 402
a 52 83 287
a 83 52 287
a 52 84 452
a 84 52 452
a 52 86 854
a 86 52 854
a 52 89 145
a 89 52 145
a 52 90 644
a 90 52 644
a 52 91 584
a 91 52 584
a 52 92 408
a 92 52 408
a 52 93 457
a 93 52 457
a 52 95 960
a 95 52 960
a 52 96 990
a 96 52 990
a 52 97 807
a 97 52 807
a 52 98 285
a 98 52 285
a 52 100 761
a 100 52 761
a 53 58 346
a 58 53 346
a 53 62 440
a 62 53 440
a 53 63 118
a 63 53 118
a 53 67 358
a 67 53 358
a 53 73 806
a 73 53 806
a 53 75 468
a 75 53 468
a 53 76 836
a 76 53 836
a 53 78 305
a 78 53 305
a 53 84 249
a 84 53 249
a 53 85 216
a 85 53 216
a 53 88 399
a 88 53 399
a 53 90 982
a 90 53 982
a 53 91 246
a 91 53 246
a 53 92 671
a 92 53 671
a 53 93 432
a 93 53 432
a 53 94 855
a 94 53 855
a 53 96 428
a 96 53 428
a 53 97 398
a 97 53 398
a 53 99 152
a 99 53 152
